x,y,vx,vy,u,h,rho
-0.5,-0.5,-0.0000000000000000000000000000000000000000000000000000000000000004289720766450858,-0.0000000000000000000000000000000000000000000000000000000000000004289720766450858,0.0000000000000000000000000000000000000000000000000000000000000000000000000000000000000000000000000000000006836932648357693,0.05370913779412997,0.4874905196268536
-0.46875,-0.5,-0.000000000000000000000000000000000000000000000000000000001724108115345971,-0.0000000000000000000000000000000000000000000000000000000019054484410386302,0.00000000000000000000000000000000000000000000000000000000000000000000000000000000000000000000016737051874518676,0.04388775699171929,0.7300889314264681
-0.4375,-0.5,-0.0000000000000000000000000000000000000000000000000010647724854294988,-0.0000000000000000000000000000000000000000000000000013260490262986998,0.0000000000000000000000000000000000000000000000000000000000000000000000000000000000009531705524337596,0.043366609606165514,0.7477416890017256
-0.40625,-0.5,-0.00000000000000000000000000000000000000000000009431108112300634,-0.00000000000000000000000000000000000000000000012930576094170584,0.00000000000000000000000000000000000000000000000000000000000000000000000000013363791329363892,0.043366609606165514,0.7477416890017256
-0.375,-0.5,-0.000000000000000000000000000000000000000006931730594624938,-0.000000000000000000000000000000000000000010173423246332712,0.000000000000000000000000000000000000000000000000000000000000000000003677129737496052,0.04336660960616551,0.7477416890017257
-0.34375,-0.5,-0.00000000000000000000000000000000000010847916300015006,-0.00000000000000000000000000000000000016212225437874424,0.000000000000000000000000000000000000000000000000000000000000009041388963109385,0.043366609606165514,0.7477416890017256
-0.3125,-0.5,-0.0000000000000000000000000000000001937045937580238,-0.0000000000000000000000000000000002906949497057971,0.0000000000000000000000000000000000000000000000000000000014280437530867013,0.043366609606165514,0.7477416890017256
-0.28125,-0.5,-0.00000000000000000000000000000006192559235856721,-0.00000000000000000000000000000009360329395127825,0.000000000000000000000000000000000000000000000000000019911975797185023,0.04336660960616551,0.7477416890017257
-0.25,-0.5,-0.000000000000000000000000000005679760727915352,-0.000000000000000000000000000008757458512403646,0.00000000000000000000000000000000000000000000000004709727379704749,0.043366609606165514,0.7477416890017256
-0.21875,-0.5,-0.00000000000000000000000000018262709437359475,-0.00000000000000000000000000029592630297772015,0.000000000000000000000000000000000000000000000020798913408613715,0.04336660960616551,0.7477416890017257
-0.1875,-0.5,-0.0000000000000000000000000025716766191266793,-0.00000000000000000000000000457157204452927,0.0000000000000000000000000000000000000000000022167604287350792,0.043366609606165514,0.7477416890017256
-0.15625,-0.5,-0.000000000000000000000000019010027560698405,-0.000000000000000000000000038778283176555635,0.00000000000000000000000000000000000000000007367961660817365,0.04336660960616551,0.7477416890017257
-0.125,-0.5,-0.00000000000000000000000008179466246964012,-0.0000000000000000000000002015990887471288,0.0000000000000000000000000000000000000000009700744766150657,0.043366609606165514,0.7477416890017256
-0.09375,-0.5,-0.00000000000000000000000021428120836674424,-0.0000000000000000000000006864154287263131,0.000000000000000000000000000000000000000006212025650952279,0.043366609606165514,0.7477416890017256
-0.0625,-0.5,-0.00000000000000000000000033893240121882807,-0.0000000000000000000000015988640959500023,0.000000000000000000000000000000000000000021857571052307398,0.04336660960616551,0.7477416890017257
-0.03125,-0.5,-0.00000000000000000000000028136009452060817,-0.000000000000000000000002624839781411021,0.00000000000000000000000000000000000000004508121354048104,0.043366609606165514,0.7477416890017256
0.00000000000000000000000000000000000000000021329451711772732,-0.5,0.000000000000000000000000000000000000000008911652635766722,-0.0000000000000000000000030905515274241815,0.00000000000000000000000000000000000000005706720128895371,0.043366609606165514,0.7477416890017256
0.03125,-0.5,0.0000000000000000000000002813600945206081,-0.000000000000000000000002624839781411021,0.00000000000000000000000000000000000000004508121354048103,0.04336660960616551,0.7477416890017257
0.0625,-0.5,0.00000000000000000000000033893240121882802,-0.0000000000000000000000015988640959500023,0.000000000000000000000000000000000000000021857571052307396,0.043366609606165514,0.7477416890017256
0.09375,-0.5,0.00000000000000000000000021428120836674424,-0.000000000000000000000000686415428726313,0.000000000000000000000000000000000000000006212025650952278,0.043366609606165514,0.7477416890017256
0.125,-0.5,0.00000000000000000000000008179466246964014,-0.0000000000000000000000002015990887471288,0.0000000000000000000000000000000000000000009700744766150657,0.04336660960616551,0.7477416890017257
0.15625,-0.5,0.000000000000000000000000019010027560698405,-0.00000000000000000000000003877828317655564,0.00000000000000000000000000000000000000000007367961660817371,0.043366609606165514,0.7477416890017256
0.1875,-0.5,0.0000000000000000000000000025716766191266793,-0.00000000000000000000000000457157204452927,0.0000000000000000000000000000000000000000000022167604287350802,0.043366609606165514,0.7477416890017256
0.21875,-0.5,0.0000000000000000000000000001826270943735949,-0.0000000000000000000000000002959263029777205,0.000000000000000000000000000000000000000000000020798913408613752,0.04336660960616551,0.7477416890017257
0.25,-0.5,0.000000000000000000000000000005679760727915357,-0.000000000000000000000000000008757458512403655,0.00000000000000000000000000000000000000000000000004709727379704757,0.043366609606165514,0.7477416890017256
0.28125,-0.5,0.00000000000000000000000000000006192559235856737,-0.00000000000000000000000000000009360329395127842,0.000000000000000000000000000000000000000000000000000019911975797185092,0.04336660960616551,0.7477416890017257
0.3125,-0.5,0.000000000000000000000000000000000193704593758024,-0.0000000000000000000000000000000002906949497057974,0.0000000000000000000000000000000000000000000000000000000014280437530867021,0.043366609606165514,0.7477416890017256
0.34375,-0.5,0.00000000000000000000000000000000000010847916300014994,-0.000000000000000000000000000000000000162122254378744,0.000000000000000000000000000000000000000000000000000000000000009041388963109348,0.04336660960616551,0.7477416890017257
0.375,-0.5,0.000000000000000000000000000000000000000006931730594624873,-0.000000000000000000000000000000000000000010173423246332607,0.0000000000000000000000000000000000000000000000000000000000000000000036771297374959865,0.043366609606165514,0.7477416890017256
0.40625,-0.5,0.00000000000000000000000000000000000000000000009431108112300293,-0.00000000000000000000000000000000000000000000012930576094224924,0.00000000000000000000000000000000000000000000000000000000000000000000000000013363791329363377,0.04336660960616551,0.7477416890017254
0.4375,-0.5,0.0000000000000000000000000000000000000000000000000010647727728840817,-0.0000000000000000000000000000000000000000000000000013260496060490227,0.0000000000000000000000000000000000000000000000000000000000000000000000000000000000009676195370189581,0.04388775699171928,0.7300889314264679
0.46875,-0.5,0.0000000000000000000000000000000000000000000000000000000017714124005200135,-0.0000000000000000000000000000000000000000000000000000000019764044528502642,0.0000000000000000000000000000000000000000000000000000000000000000000000000000000000000000000002138220520147877,0.053709137794129974,0.4874905196268536
-0.5,-0.46875,-0.0000000000000000000000000000000000000000000000000000000019054484410386307,-0.0000000000000000000000000000000000000000000000000000000017241081153459722,0.00000000000000000000000000000000000000000000000000000000000000000000000000000000000000000000016737051874518687,0.04388775699171929,0.7300889314264679
-0.46875,-0.46875,-0.0000000000000000000000000000000000000000000000000018486208944348848,-0.000000000000000000000000000000000000000000000000001848620894434875,0.0000000000000000000000000000000000000000000000000000000000000000000000000000000000037890170363446676,0.0625,0.8312190986331792
-0.4375,-0.46875,-0.0000000000000000000000000000000000000000000002570246940409838,-0.00000000000000000000000000000000000000000000028589157405061317,0.0000000000000000000000000000000000000000000000000000000000000000000000000010603190433075452,0.0625,0.9045662495526386
-0.40625,-0.46875,-0.00000000000000000000000000000000000000003449251589107381,-0.000000000000000000000000000000000000000043410916138781233,0.00000000000000000000000000000000000000000000000000000000000000000008220100646125244,0.0625,0.9125139202708775
-0.375,-0.46875,-0.0000000000000000000000000000000000011753655304920023,-0.0000000000000000000000000000000000016284565753833196,0.0000000000000000000000000000000000000000000000000000000000008043311227726338,0.0625,0.9125139202708776
-0.34375,-0.46875,-0.00000000000000000000000000000000585789842271194,-0.000000000000000000000000000000008548771916868519,0.0000000000000000000000000000000000000000000000000000008307983773431016,0.0625,0.9125139202708775
-0.3125,-0.46875,-0.0000000000000000000000000000052082089237239716,-0.000000000000000000000000000007755957115269543,0.00000000000000000000000000000000000000000000000008467670837778465,0.0625,0.9125139202708775
-0.28125,-0.46875,-0.0000000000000000000000000010555309120366792,-0.000000000000000000000000001595785663105226,0.0000000000000000000000000000000000000000000009514726861123266,0.0625,0.9125139202708776
-0.25,-0.46875,-0.00000000000000000000000006318888110496764,-0.0000000000000000000000000985875953975632,0.0000000000000000000000000000000000000000013925480346726447,0.0625,0.9125139202708776
-0.21875,-0.46875,-0.0000000000000000000000014848689760494298,-0.000000000000000000000002468040229735744,0.00000000000000000000000000000000000000040167679421028016,0.0625,0.9125139202708776
-0.1875,-0.46875,-0.000000000000000000000017096355646642088,-0.00000000000000000000003143785440692841,0.00000000000000000000000000000000000003197657280459402,0.0625,0.9125139202708779
-0.15625,-0.46875,-0.00000000000000000000011167498280343003,-0.00000000000000000000023610066642707016,0.0000000000000000000000000000000000009241521078783094,0.0625,0.9125139202708821
-0.125,-0.46875,-0.0000000000000000000004462464595110754,-0.0000000000000000000011379815743658679,0.000000000000000000000000000000000011769115115691488,0.0625,0.9125139202708985
-0.09375,-0.46875,-0.0000000000000000000011219488721286184,-0.000000000000000000003704786357933778,0.00000000000000000000000000000000007562472510484114,0.0625,0.9125139202709377
-0.0625,-0.46875,-0.000000000000000000001738614999456369,-0.000000000000000000008420252999217611,0.0000000000000000000000000000000002692248549517697,0.0625,0.9125139202709976
-0.03125,-0.46875,-0.0000000000000000000014306158342826284,-0.000000000000000000013659568468260108,0.0000000000000000000000000000000005593982783852605,0.0625,0.9125139202710562
0.00000000000000000000000000000000000001993333903939528,-0.46875,0.0000000000000000000000000000000000027446762903467588,-0.000000000000000000016026376831707246,0.0000000000000000000000000000000007097840401745576,0.0625,0.912513920271081
0.03125,-0.46875,0.0000000000000000000014306158342826307,-0.0000000000000000000136595684682601,0.00000000000000000000000000000000055939827838526,0.0625,0.9125139202710562
0.0625,-0.46875,0.0000000000000000000017386149994563675,-0.000000000000000000008420252999217593,0.00000000000000000000000000000000026922485495176892,0.0625,0.9125139202709974
0.09375,-0.46875,0.0000000000000000000011219488721286172,-0.000000000000000000003704786357933771,0.00000000000000000000000000000000007562472510484079,0.0625,0.9125139202709377
0.125,-0.46875,0.0000000000000000000004462464595110743,-0.0000000000000000000011379815743658645,0.0000000000000000000000000000000000117691151156914,0.0625,0.9125139202708988
0.15625,-0.46875,0.0000000000000000000001116749828034296,-0.00000000000000000000023610066642706893,0.0000000000000000000000000000000000009241521078782995,0.0625,0.912513920270882
0.1875,-0.46875,0.000000000000000000000017096355646641988,-0.00000000000000000000003143785440692822,0.000000000000000000000000000000000000031976572804593476,0.0625,0.9125139202708779
0.21875,-0.46875,0.0000000000000000000000014848689760494199,-0.0000000000000000000000024680402297357265,0.0000000000000000000000000000000000000004016767942102718,0.0625,0.9125139202708776
0.25,-0.46875,0.00000000000000000000000006318888110496713,-0.00000000000000000000000009858759539756224,0.000000000000000000000000000000000000000001392548034672609,0.0625,0.9125139202708776
0.28125,-0.46875,0.000000000000000000000000001055530912036671,-0.0000000000000000000000000015957856631052128,0.0000000000000000000000000000000000000000000009514726861123037,0.0625,0.9125139202708776
0.3125,-0.46875,0.000000000000000000000000000005208208923723968,-0.00000000000000000000000000000775595711526953,0.00000000000000000000000000000000000000000000000008467670837778448,0.0625,0.9125139202708775
0.34375,-0.46875,0.0000000000000000000000000000000058578984227119585,-0.000000000000000000000000000000008548771916868537,0.0000000000000000000000000000000000000000000000000000008307983773431031,0.0625,0.9125139202708776
0.375,-0.46875,0.000000000000000000000000000000000001175365530492,-0.0000000000000000000000000000000000016284565753833163,0.0000000000000000000000000000000000000000000000000000000000008043311227726304,0.0625,0.9125139202708775
0.40625,-0.46875,0.00000000000000000000000000000000000000003449252460222326,-0.000000000000000000000000000000000000000043410927402295955,0.00000000000000000000000000000000000000000000000000000000000000000008254403525965669,0.0625,0.9045662495526386
0.4375,-0.46875,0.00000000000000000000000000000000000000000000025702533253523467,-0.00000000000000000000000000000000000000000000028589248809827874,0.0000000000000000000000000000000000000000000000000000000000000000000000000011027897565369751,0.0625,0.8312190986331793
0.46875,-0.46875,0.000000000000000000000000000000000000000000000000001887149299432646,-0.0000000000000000000000000000000000000000000000000019064262885432724,0.0000000000000000000000000000000000000000000000000000000000000000000000000000000000017138999159700614,0.04388775699171928,0.7300889314264678
-0.5,-0.4375,-0.0000000000000000000000000000000000000000000000000013260490262986337,-0.0000000000000000000000000000000000000000000000000010647724854294298,0.0000000000000000000000000000000000000000000000000000000000000000000000000000000000009531705524337121,0.043366609606165514,0.7477416890017256
-0.46875,-0.4375,-0.00000000000000000000000000000000000000000000028589157405060866,-0.00000000000000000000000000000000000000000000025702469404097658,0.0000000000000000000000000000000000000000000000000000000000000000000000000010603190433075279,0.0625,0.9045662495526386
-0.4375,-0.4375,-0.00000000000000000000000000000000000000006124657280200021,-0.00000000000000000000000000000000000000006124657280200017,0.00000000000000000000000000000000000000000000000000000000000000000013939049676480984,0.0625,0.9836262139163906
-0.40625,-0.4375,-0.000000000000000000000000000000000003281784678055317,-0.000000000000000000000000000000000003655518975087825,0.000000000000000000000000000000000000000000000000000000000002825192607825041,0.0625,0.9917919133951804
-0.375,-0.4375,-0.00000000000000000000000000000002726038799906871,-0.00000000000000000000000000000003393525467033106,0.000000000000000000000000000000000000000000000000000007969496661198402,0.0625,0.9917919133951804
-0.34375,-0.4375,-0.000000000000000000000000000045549454304503076,-0.00000000000000000000000000006198969339611559,0.000000000000000000000000000000000000000000000002894463407301968,0.0625,0.9917919133951805
-0.3125,-0.4375,-0.000000000000000000000000018440940096562358,-0.000000000000000000000000026486461753364837,0.00000000000000000000000000000000000000000012501595633441466,0.0625,0.9917919133951804
-0.28125,-0.4375,-0.000000000000000000000002901054034940186,-0.0000000000000000000000043354907390503776,0.0000000000000000000000000000000000000020693741616506342,0.0625,0.9917919133951804
-0.25,-0.4375,-0.0000000000000000000001683726498647454,-0.0000000000000000000002613977258133191,0.000000000000000000000000000000000005104343961650838,0.0625,0.991791913395188
-0.21875,-0.4375,-0.000000000000000000004157750543382451,-0.000000000000000000006856830410585365,0.0000000000000000000000000000000020919110097779097,0.0625,0.9917919133952912
-0.1875,-0.4375,-0.00000000000000000005200067264043116,-0.00000000000000000009405281356743576,0.00000000000000000000000000000021727624344647635,0.0625,0.9917919133960134
-0.15625,-0.4375,-0.00000000000000000036983750683946203,-0.0000000000000000007620951832440514,0.00000000000000000000000000000761815469379406,0.0625,0.9917919133992529
-0.125,-0.4375,-0.000000000000000001592562632022121,-0.000000000000000003928602646719653,0.00000000000000000000000000010893225299016622,0.0625,0.9917919134092955
-0.09375,-0.4375,-0.000000000000000004240390940169472,-0.000000000000000013482906999482884,0.0000000000000000000000000007472709883437974,0.0625,0.9917919134312188
-0.0625,-0.4375,-0.000000000000000006831839928785278,-0.00000000000000003178021128789484,0.000000000000000000000000002768125576023429,0.0625,0.991791913464477
-0.03125,-0.4375,-0.000000000000000005747651950235582,-0.0000000000000000526472803020757,0.0000000000000000000000000058769090653512936,0.0625,0.9917919134970667
0.000000000000000000000000000000000007112501637803537,-0.4375,0.00000000000000000000000000000000030269657769143783,-0.00000000000000006219190183982158,0.000000000000000000000000007510677900093568,0.0625,0.9917919135108939
0.03125,-0.4375,0.0000000000000000057476519502355805,-0.000000000000000052647280302075695,0.000000000000000000000000005876909065351296,0.0625,0.9917919134970665
0.0625,-0.4375,0.000000000000000006831839928785278,-0.000000000000000031780211287894845,0.0000000000000000000000000027681255760234292,0.0625,0.9917919134644773
0.09375,-0.4375,0.000000000000000004240390940169472,-0.000000000000000013482906999482888,0.0000000000000000000000000007472709883437977,0.0625,0.9917919134312188
0.125,-0.4375,0.0000000000000000015925626320221215,-0.0000000000000000039286026467196554,0.0000000000000000000000000001089322529901663,0.0625,0.9917919134092955
0.15625,-0.4375,0.00000000000000000036983750683946207,-0.0000000000000000007620951832440515,0.000000000000000000000000000007618154693794071,0.0625,0.9917919133992529
0.1875,-0.4375,0.000000000000000000052000672640431145,-0.00000000000000000009405281356743571,0.00000000000000000000000000000021727624344647666,0.0625,0.9917919133960131
0.21875,-0.4375,0.0000000000000000000041577505433824455,-0.000000000000000000006856830410585354,0.0000000000000000000000000000000020919110097779083,0.0625,0.9917919133952914
0.25,-0.4375,0.0000000000000000000001683726498647447,-0.00000000000000000000026139772581331807,0.000000000000000000000000000000000005104343961650801,0.0625,0.991791913395188
0.28125,-0.4375,0.000000000000000000000002901054034940165,-0.000000000000000000000004335490739050338,0.000000000000000000000000000000000000002069374161650601,0.0625,0.9917919133951804
0.3125,-0.4375,0.000000000000000000000000018440940096562182,-0.00000000000000000000000002648646175336462,0.00000000000000000000000000000000000000000012501595633441093,0.0625,0.9917919133951805
0.34375,-0.4375,0.000000000000000000000000000045549454304503015,-0.00000000000000000000000000006198969339611551,0.000000000000000000000000000000000000000000000002894463407301965,0.0625,0.9917919133951804
0.375,-0.4375,0.000000000000000000000000000000027260387999068765,-0.000000000000000000000000000000033935254670331165,0.000000000000000000000000000000000000000000000000000007969496661198414,0.0625,0.9917919133951805
0.40625,-0.4375,0.000000000000000000000000000000000003281785670648177,-0.000000000000000000000000000000000003655520110225239,0.000000000000000000000000000000000000000000000000000000000002836822907232402,0.0625,0.9836262139163906
0.4375,-0.4375,0.00000000000000000000000000000000000000006124673741181864,-0.00000000000000000000000000000000000000006124675878604448,0.00000000000000000000000000000000000000000000000000000000000000000014517682894849584,0.0625,0.9045662495526388
0.46875,-0.4375,0.00000000000000000000000000000000000000000000029003983755859453,-0.00000000000000000000000000000000000000000000026325226922126165,0.0000000000000000000000000000000000000000000000000000000000000000000000000004905214944336178,0.0433666096061655,0.7477416890017257
-0.5,-0.40625,-0.00000000000000000000000000000000000000000000012930576094169744,-0.0000000000000000000000000000000000000000000000943110811229996,0.00000000000000000000000000000000000000000000000000000000000000000000000000013363791329363022,0.04336660960616551,0.7477416890017254
-0.46875,-0.40625,-0.00000000000000000000000000000000000000004341091613878089,-0.000000000000000000000000000000000000000034492515891073523,0.00000000000000000000000000000000000000000000000000000000000000000008220100646125164,0.0625,0.9125139202708776
-0.4375,-0.40625,-0.000000000000000000000000000000000003655518975087825,-0.0000000000000000000000000000000000032817846780553173,0.00000000000000000000000000000000000000000000000000000000000282519260782504,0.0625,0.9917919133951804
-0.40625,-0.40625,-0.00000000000000000000000000000004727279219256061,-0.00000000000000000000000000000004727279219256061,0.000000000000000000000000000000000000000000000000000013903428692118164,0.0625,0.9999576128739702
-0.375,-0.40625,-0.0000000000000000000000000001204424559025627,-0.00000000000000000000000000013334645554708536,0.000000000000000000000000000000000000000000000010312597530823967,0.0625,0.9999576128739702
-0.34375,-0.40625,-0.00000000000000000000000007535249939091611,-0.0000000000000000000000000920964760954372,0.0000000000000000000000000000000000000000010653262485404095,0.0625,0.99995761287397
-0.3125,-0.40625,-0.00000000000000000000002179351384070834,-0.00000000000000000000002933472726167115,0.00000000000000000000000000000000000007691751302729912,0.0625,0.999957612873971
-0.28125,-0.40625,-0.000000000000000000002849730671163352,-0.000000000000000000004127949423253103,0.0000000000000000000000000000000010404808556408306,0.0625,0.9999576128740433
-0.25,-0.40625,-0.00000000000000000016481505766716153,-0.0000000000000000002516918996178411,0.000000000000000000000000000001668092487318986,0.0625,0.9999576128753453
-0.21875,-0.40625,-0.000000000000000004345703877497853,-0.000000000000000007059013187569159,0.0000000000000000000000000004947631677435495,0.0625,0.9999576128873222
-0.1875,-0.40625,-0.0000000000000000649027878825017,-0.00000000000000011351193915796044,0.00000000000000000000000004348635573134108,0.0625,0.9999576129563068
-0.15625,-0.40625,-0.0000000000000005275888492729909,-0.0000000000000010454437694388757,0.0000000000000000000000013203428603552405,0.0625,0.999957613226734
-0.125,-0.40625,-0.0000000000000024679086959764257,-0.000000000000005863220706184993,0.000000000000000000000016760566264203155,0.0625,0.9999576139775723
-0.09375,-0.40625,-0.000000000000006879739427514658,-0.000000000000021162936845487524,0.00000000000000000000010600311213713804,0.0625,0.9999576154763543
-0.0625,-0.40625,-0.00000000000001134355451924855,-0.00000000000005128083376219024,0.00000000000000000000037198810485180823,0.0625,0.9999576176032186
-0.03125,-0.40625,-0.000000000000009644132974629573,-0.00000000000008611310380067452,0.0000000000000000000007675895258480103,0.0625,0.9999576195997282
0.0000000000000000000000000000000047395199144508115,-0.40625,-0.00000000000000000000000000000008608251943724198,-0.00000000000010213784778483678,0.0000000000000000000009724304449521268,0.0625,0.9999576204295471
0.03125,-0.40625,0.000000000000009644132974629575,-0.00000000000008611310380067451,0.0000000000000000000007675895258480103,0.0625,0.9999576195997284
0.0625,-0.40625,0.000000000000011343554519248553,-0.00000000000005128083376219024,0.0000000000000000000003719881048518084,0.0625,0.9999576176032188
0.09375,-0.40625,0.000000000000006879739427514658,-0.00000000000002116293684548753,0.00000000000000000000010600311213713804,0.0625,0.9999576154763545
0.125,-0.40625,0.0000000000000024679086959764265,-0.000000000000005863220706184996,0.000000000000000000000016760566264203167,0.0625,0.9999576139775728
0.15625,-0.40625,0.0000000000000005275888492729915,-0.0000000000000010454437694388767,0.0000000000000000000000013203428603552418,0.0625,0.9999576132267339
0.1875,-0.40625,0.00000000000000006490278788250175,-0.00000000000000011351193915796054,0.000000000000000000000000043486355731341153,0.0625,0.9999576129563071
0.21875,-0.40625,0.000000000000000004345703877497858,-0.000000000000000007059013187569168,0.0000000000000000000000000004947631677435508,0.0625,0.9999576128873224
0.25,-0.40625,0.00000000000000000016481505766716157,-0.00000000000000000025169189961784114,0.0000000000000000000000000000016680924873189896,0.0625,0.9999576128753453
0.28125,-0.40625,0.0000000000000000000028497306711633475,-0.0000000000000000000041279494232530966,0.0000000000000000000000000000000010404808556408289,0.0625,0.9999576128740431
0.3125,-0.40625,0.000000000000000000000021793513840708195,-0.000000000000000000000029334727261670983,0.00000000000000000000000000000000000007691751302729839,0.0625,0.9999576128739708
0.34375,-0.40625,0.00000000000000000000000007535249939091531,-0.00000000000000000000000009209647609543631,0.0000000000000000000000000000000000000000010653262485403757,0.0625,0.9999576128739702
0.375,-0.40625,0.00000000000000000000000000012044245590256163,-0.00000000000000000000000000013334645554708783,0.000000000000000000000000000000000000000000000010312597530823979,0.0625,0.99995761287397
0.40625,-0.40625,0.000000000000000000000000000000047272818923819224,-0.000000000000000000000000000000047272818927844016,0.00000000000000000000000000000000000000000000000000001396042944393301,0.0625,0.9917919133951804
0.4375,-0.40625,0.000000000000000000000000000000000003655531298265303,-0.0000000000000000000000000000000000032817973527317616,0.0000000000000000000000000000000000000000000000000000000000029423057760952436,0.0625,0.9125139202708776
0.46875,-0.40625,0.00000000000000000000000000000000000000004375686673888032,-0.000000000000000000000000000000000000000035012479661435975,0.00000000000000000000000000000000000000000000000000000000000000000003814456153849471,0.04336660960616551,0.7477416890017257
-0.5,-0.375,-0.000000000000000000000000000000000000000010173423246332514,-0.000000000000000000000000000000000000000006931730594624806,0.000000000000000000000000000000000000000000000000000000000000000000003677129737495933,0.043366609606165514,0.7477416890017256
-0.46875,-0.375,-0.000000000000000000000000000000000001628456575383319,-0.0000000000000000000000000000000000011753655304920022,0.0000000000000000000000000000000000000000000000000000000000008043311227726324,0.0625,0.9125139202708776
-0.4375,-0.375,-0.000000000000000000000000000000033935254670331105,-0.00000000000000000000000000000002726038799906876,0.000000000000000000000000000000000000000000000000000007969496661198411,0.0625,0.9917919133951804
-0.40625,-0.375,-0.00000000000000000000000000013334645554708386,-0.0000000000000000000000000001204424559025604,0.00000000000000000000000000000000000000000000001031259753082347,0.0625,0.9999576128739702
-0.375,-0.375,-0.0000000000000000000000001251560724205491,-0.0000000000000000000000001251560724205487,0.0000000000000000000000000000000000000000018353645043746668,0.0625,0.99995761287397
-0.34375,-0.375,-0.00000000000000000000005515482130545853,-0.00000000000000000000006082689236457091,0.0000000000000000000000000000000000002803342868307321,0.0625,0.9999576128739722
-0.3125,-0.375,-0.000000000000000000011542793403593464,-0.000000000000000000014134006564984453,0.00000000000000000000000000000000959982852080846,0.0625,0.9999576128741828
-0.28125,-0.375,-0.0000000000000000012525241842429855,-0.000000000000000001703911738510319,0.000000000000000000000000000046251589293390474,0.0625,0.9999576128792408
-0.25,-0.375,-0.00000000000000006735893140956213,-0.00000000000000009923640102543974,0.000000000000000000000000038946758272387694,0.0625,0.999957612940108
-0.21875,-0.375,-0.000000000000001791088933510173,-0.000000000000002831714309998689,0.000000000000000000000007616009048111582,0.0625,0.9999576133802043
-0.1875,-0.375,-0.000000000000022983262333589984,-0.000000000000040283049377758414,0.000000000000000000000438077392607889,0.0625,0.9999576154899732
-0.15625,-0.375,-0.00000000000016050021124212513,-0.0000000000003249064634547925,0.000000000000000000009578071628516909,0.0625,0.9999576226098458
-0.1250000000000014,-0.3750000000000075,-0.0000000000006715744770748389,-0.0000000000016435589827864493,0.00000000000000000009822013383205872,0.0625,0.9999576401343206
-0.09375000000001606,-0.37500000000004746,-0.0000000000018016910509051284,-0.000000000005621135338747549,0.00000000000000000054847816296179405,0.0625,0.9999576720597606
-0.06250000000002934,-0.37500000000012884,-0.000000000003077201915059071,-0.00000000001356085429927346,0.0000000000000000018020019069959173,0.0625,0.9999577145694436
-0.031250000000027846,-0.37500000000022865,-0.0000000000027897787268155244,-0.000000000023190332371691344,0.000000000000000003620933077677157,0.0625,0.9999577529514211
0.00000000000000000000000000005472705463931592,-0.3750000000002761,0.000000000000000000000000003421620545126773,-0.0000000000277452716133333,0.000000000000000004556228195390461,0.0625,0.9999577686168015
0.031250000000027846,-0.37500000000022865,0.0000000000027897787268155297,-0.00000000002319033237169133,0.0000000000000000036209330776771525,0.0625,0.9999577529514215
0.06250000000002934,-0.37500000000012884,0.0000000000030772019150590708,-0.000000000013560854299273433,0.0000000000000000018020019069959142,0.0625,0.9999577145694436
0.09375000000001606,-0.37500000000004746,0.0000000000018016910509051246,-0.0000000000056211353387475295,0.0000000000000000005484781629617926,0.0625,0.9999576720597612
0.1250000000000014,-0.3750000000000075,0.0000000000006715744770748357,-0.0000000000016435589827864382,0.00000000000000000009822013383205822,0.0625,0.9999576401343202
0.15625,-0.375,0.000000000000160500211242124,-0.00000000000032490646345478973,0.000000000000000000009578071628516855,0.0625,0.9999576226098462
0.1875,-0.375,0.00000000000002298326233358974,-0.00000000000004028304937775802,0.0000000000000000000004380773926078854,0.0625,0.9999576154899732
0.21875,-0.375,0.0000000000000017910889335101564,-0.0000000000000028317143099986645,0.000000000000000000000007616009048111524,0.0625,0.9999576133802044
0.25,-0.375,0.00000000000000006735893140956209,-0.00000000000000009923640102543969,0.00000000000000000000000003894675827238767,0.0625,0.999957612940108
0.28125,-0.375,0.0000000000000000012525241842429866,-0.0000000000000000017039117385103203,0.00000000000000000000000000004625158929339061,0.0625,0.999957612879241
0.3125,-0.375,0.000000000000000000011542793403593452,-0.000000000000000000014134006564984426,0.000000000000000000000000000000009599828520808443,0.0625,0.9999576128741828
0.34375,-0.375,0.00000000000000000000005515482130545824,-0.00000000000000000000006082689236457071,0.0000000000000000000000000000000000002803342868307298,0.0625,0.9999576128739724
0.375,-0.375,0.0000000000000000000000001251560724205335,-0.00000000000000000000000012515607242059095,0.0000000000000000000000000000000000000000018353645043746116,0.0625,0.9999576128739698
0.40625,-0.375,0.00000000000000000000000000013334663219129193,-0.0000000000000000000000000001204426109514952,0.000000000000000000000000000000000000000000000010354876728666964,0.0625,0.9917919133951804
0.4375,-0.375,0.00000000000000000000000000000003393546059936303,-0.00000000000000000000000000000002726058009188782,0.000000000000000000000000000000000000000000000000000008299857501265485,0.0625,0.9125139202708776
0.46875,-0.375,0.000000000000000000000000000000000001634013234190119,-0.0000000000000000000000000000000000011837487295286548,0.000000000000000000000000000000000000000000000000000000000000373075923211144,0.04336660960616551,0.7477416890017257
-0.5,-0.34375,-0.00000000000000000000000000000000000016212225437874418,-0.00000000000000000000000000000000000010847916300015004,0.000000000000000000000000000000000000000000000000000000000000009041388963109345,0.04336660960616551,0.7477416890017254
-0.46875,-0.34375,-0.000000000000000000000000000000008548771916868542,-0.000000000000000000000000000000005857898422711964,0.0000000000000000000000000000000000000000000000000000008307983773431041,0.0625,0.9125139202708776
-0.4375,-0.34375,-0.00000000000000000000000000006198969339611287,-0.000000000000000000000000000045549454304500666,0.0000000000000000000000000000000000000000000000028944634073013855,0.0625,0.9917919133951805
-0.40625,-0.34375,-0.00000000000000000000000009209647609543555,-0.00000000000000000000000007535249939091432,0.00000000000000000000000000000000000000000106532624854033,0.0625,0.99995761287397
-0.375,-0.34375,-0.00000000000000000000006082689236457079,-0.00000000000000000000005515482130545824,0.00000000000000000000000000000000000028033428683073044,0.0625,0.9999576128739726
-0.34375,-0.34375,-0.000000000000000000019122933338212882,-0.000000000000000000019122933338212882,0.000000000000000000000000000000016640951562197855,0.0625,0.9999576128742657
-0.3125,-0.34375,-0.000000000000000003183688655442776,-0.000000000000000003519098570570604,0.00000000000000000000000000015589537948395716,0.0625,0.9999576128836706
-0.28125,-0.34375,-0.00000000000000027007052539421196,-0.00000000000000033299689367525006,0.00000000000000000000000028481032254408943,0.0625,0.9999576130302711
-0.25,-0.34375,-0.000000000000011427082893546509,-0.00000000000001556506826794586,0.0000000000000000000001203700890535654,0.0625,0.9999576143600039
-0.21875,-0.34375,-0.00000000000036839888680005837,-0.0000000000005548334896987068,0.000000000000000000018648582505455452,0.0625,0.999957622263845
-0.18750000000007355,-0.3437500000001202,-0.000000000005860366029837596,-0.000000000009833236172955377,0.000000000000000001010587240469338,0.0625,0.9999576556830846
-0.15625000000068195,-0.3437500000013108,-0.00000000004631386716075843,-0.00000000009037762217694943,0.000000000000000022518211706586694,0.0625,0.9999577614193412
-0.12500000000332182,-0.3437500000076961,-0.0000000002126894832670254,-0.000000000500414573554399,0.0000000000000002466643524432103,0.0625,0.9999580176983921
-0.09375000000984426,-0.3437500000290191,-0.0000000006112112712256029,-0.0000000018279186649905807,0.0000000000000014820044536400924,0.0625,0.999958493382056
-0.06250000001757657,-0.3437500000739812,-0.0000000010728419117147498,-0.000000004577123333043289,0.000000000000005173098974904458,0.0625,0.9999591501357227
-0.031250000015979766,-0.34375000012930057,-0.0000000009660142520005452,-0.000000007924681856760565,0.000000000000010751739563651764,0.0625,0.9999597646763758
-0.000000000000000000000000004978190361492309,-0.3437500001555969,-0.0000000000000000000000004160011358214135,-0.000000009509322073741627,0.00000000000001367370145840967,0.0625,0.9999600209128431
0.031250000015979766,-0.34375000012930057,0.0000000009660142520005448,-0.000000007924681856760565,0.000000000000010751739563651766,0.0625,0.9999597646763753
0.06250000001757657,-0.3437500000739812,0.00000000107284191171475,-0.000000004577123333043289,0.000000000000005173098974904461,0.0625,0.9999591501357231
0.09375000000984426,-0.3437500000290191,0.0000000006112112712256032,-0.0000000018279186649905817,0.0000000000000014820044536400931,0.0625,0.999958493382056
0.12500000000332182,-0.3437500000076961,0.00000000021268948326702554,-0.0000000005004145735543995,0.0000000000000002466643524432104,0.0625,0.9999580176983923
0.15625000000068195,-0.3437500000013108,0.00000000004631386716075845,-0.00000000009037762217694944,0.000000000000000022518211706586694,0.0625,0.9999577614193416
0.18750000000007355,-0.3437500000001202,0.000000000005860366029837588,-0.000000000009833236172955358,0.0000000000000000010105872404693347,0.0625,0.9999576556830844
0.21875,-0.34375,0.00000000000036839888680005656,-0.0000000000005548334896987039,0.000000000000000000018648582505455344,0.0625,0.9999576222638449
0.25,-0.34375,0.000000000000011427082893546378,-0.000000000000015565068267945686,0.00000000000000000000012037008905356454,0.0625,0.9999576143600039
0.28125,-0.34375,0.000000000000000270070525394212,-0.00000000000000033299689367525,0.00000000000000000000000028481032254408916,0.0625,0.9999576130302715
0.3125,-0.34375,0.0000000000000000031836886554427766,-0.0000000000000000035190985705706045,0.00000000000000000000000000015589537948395747,0.0625,0.9999576128836706
0.34375,-0.34375,0.00000000000000000001912293333821285,-0.00000000000000000001912293333821286,0.00000000000000000000000000000001664095156219782,0.0625,0.9999576128742659
0.375,-0.34375,0.00000000000000000000006082689236454451,-0.00000000000000000000005515482130553592,0.00000000000000000000000000000000000028033428683072756,0.0625,0.9999576128739726
0.40625,-0.34375,0.00000000000000000000000009209676783513093,-0.00000000000000000000000007535272941749855,0.000000000000000000000000000000000000000001069693832852132,0.0625,0.9917919133951804
0.4375,-0.34375,0.00000000000000000000000000006199047403142016,-0.00000000000000000000000000004555007242254155,0.0000000000000000000000000000000000000000000000030144480691545554,0.0625,0.9125139202708776
0.46875,-0.34375,0.000000000000000000000000000000008558349354561658,-0.0000000000000000000000000000000058726873565299254,0.00000000000000000000000000000000000000000000000000000038529164630533966,0.0433666096061655,0.7477416890017257
-0.5,-0.3125,-0.00000000000000000000000000000000029069494970579817,-0.0000000000000000000000000000000001937045937580248,0.0000000000000000000000000000000000000000000000000000000014280437530867072,0.04336660960616551,0.7477416890017254
-0.46875,-0.3125,-0.000000000000000000000000000007755957115268674,-0.000000000000000000000000000005208208923723386,0.00000000000000000000000000000000000000000000000008467670837774593,0.0625,0.9125139202708776
-0.4375,-0.3125,-0.000000000000000000000000026486461753363465,-0.00000000000000000000000001844094009656137,0.00000000000000000000000000000000000000000012501595633438787,0.0625,0.9917919133951804
-0.40625,-0.3125,-0.00000000000000000000002933472726167075,-0.000000000000000000000021793513840708004,0.00000000000000000000000000000000000007691751302729722,0.0625,0.999957612873971
-0.375,-0.3125,-0.000000000000000000014134006564984435,-0.00000000000000000001154279340359345,0.00000000000000000000000000000000959982852080846,0.0625,0.999957612874183
-0.34375,-0.3125,-0.0000000000000000035190985705706045,-0.0000000000000000031836886554427766,0.00000000000000000000000000015589537948395731,0.0625,0.9999576128836708
-0.3125,-0.3125,-0.0000000000000004475823724307058,-0.0000000000000004475823724307008,0.0000000000000000000000004774196625409481,0.0625,0.9999576130794473
-0.28125,-0.3125,-0.000000000000027601835094000866,-0.00000000000003056075435965387,0.00000000000000000000035528158255032433,0.0625,0.9999576153412804
-0.2500000000000074,-0.3125000000000138,-0.0000000000015600102351648316,-0.000000000001954696578626167,0.00000000000000000011480266510907238,0.0625,0.9999576321560197
-0.2187500000006807,-0.31250000000096295,-0.000000000045009281407879387,-0.00000000006371530576246312,0.000000000000000015203099879524662,0.0625,0.999957722459367
-0.18750000000959,-0.3125000000155282,-0.0000000005607612674343911,-0.0000000009101605031968964,0.0000000000000008218779906929281,0.0625,0.9999580980158892
-0.15625000006665304,-0.31250000012741536,-0.000000003645061241472227,-0.000000006997624742786452,0.000000000000019415929119265645,0.0625,0.9999593285290975
-0.1250000002734472,-0.31250000063803557,-0.000000014525933873925753,-0.00000003389783495904268,0.00000000000026622655108709834,0.0625,0.9999625391908284
-0.09375000069929784,-0.31250000212238205,-0.00000003686888033713084,-0.0000001113637644942388,0.000000000001870076887080554,0.0625,0.999969070411551
-0.0625000010979713,-0.31250000488985874,-0.000000057868557723805444,-0.0000002557163274644599,0.000000000007118224760548928,0.0625,0.9999787375678487
-0.03125000091267906,-0.3125000080014832,-0.0000000481275967839817,-0.0000004182571303244643,0.00000000001533095515139959,0.0625,0.9999881335415007
-0.000000000000000000000000015271815268915517,-0.3125000094157913,-0.000000000000000000000004801299117056823,-0.0000004922185627728853,0.0000000000196957058630606,0.0625,0.9999921118183172
0.03125000091267906,-0.3125000080014832,0.00000004812759678398168,-0.00000041825713032446434,0.000000000015330955151399594,0.0625,0.9999881335415008
0.0625000010979713,-0.31250000488985874,0.000000057868557723805444,-0.00000025571632746445996,0.00000000000711822476054893,0.0625,0.9999787375678487
0.09375000069929784,-0.31250000212238205,0.000000036868880337130865,-0.00000011136376449423885,0.000000000001870076887080556,0.0625,0.9999690704115513
0.1250000002734472,-0.31250000063803557,0.000000014525933873925764,-0.000000033897834959042735,0.0000000000002662265510870988,0.0625,0.999962539190828
0.15625000006665304,-0.31250000012741536,0.0000000036450612414722313,-0.000000006997624742786459,0.000000000000019415929119265686,0.0625,0.999959328529098
0.18750000000959,-0.3125000000155282,0.0000000005607612674343917,-0.0000000009101605031968972,0.0000000000000008218779906929288,0.0625,0.999958098015889
0.2187500000006807,-0.31250000000096295,0.000000000045009281407879374,-0.00000000006371530576246311,0.000000000000000015203099879524647,0.0625,0.999957722459367
0.2500000000000074,-0.3125000000000138,0.0000000000015600102351648266,-0.0000000000019546965786261613,0.00000000000000000011480266510907195,0.0625,0.9999576321560197
0.28125,-0.3125,0.000000000000027601835094000563,-0.00000000000003056075435965352,0.0000000000000000000003552815825503216,0.0625,0.9999576153412807
0.3125,-0.3125,0.0000000000000004475823724307062,-0.0000000000000004475823724307015,0.0000000000000000000000004774196625409484,0.0625,0.9999576130794472
0.34375,-0.3125,0.000000000000000003519098570570602,-0.000000000000000003183688655442781,0.00000000000000000000000000015589537948395752,0.0625,0.9999576128836708
0.375,-0.3125,0.00000000000000000001413400656497599,-0.000000000000000000011542793403618456,0.000000000000000000000000000000009599828520808407,0.0625,0.9999576128741833
0.40625,-0.3125,0.000000000000000000000029335062999793284,-0.00000000000000000000002179375403556655,0.00000000000000000000000000000000000007723285653964946,0.0625,0.9917919133951811
0.4375,-0.3125,0.000000000000000000000000026487180765670335,-0.000000000000000000000000018441452577232822,0.00000000000000000000000000000000000000000013019826307741639,0.0625,0.9125139202708776
0.46875,-0.3125,0.000000000000000000000000000007758286013639607,-0.000000000000000000000000000005212464103210475,0.000000000000000000000000000000000000000000000000039265581097638727,0.04336660960616551,0.7477416890017257
-0.5,-0.28125,-0.00000000000000000000000000000009360329395126094,-0.00000000000000000000000000000006192559235855558,0.000000000000000000000000000000000000000000000000000019911975797171723,0.043366609606165514,0.7477416890017256
-0.46875,-0.28125,-0.0000000000000000000000000015957856631050144,-0.000000000000000000000000001055530912036538,0.0000000000000000000000000000000000000000000009514726861118459,0.0625,0.9125139202708776
-0.4375,-0.28125,-0.000000000000000000000004335490739050217,-0.0000000000000000000000029010540349400904,0.000000000000000000000000000000000000002069374161650452,0.0625,0.9917919133951804
-0.40625,-0.28125,-0.000000000000000000004127949423253089,-0.000000000000000000002849730671163339,0.000000000000000000000000000000001040480855640829,0.0625,0.9999576128740431
-0.375,-0.28125,-0.0000000000000000017039117385103211,-0.0000000000000000012525241842429874,0.00000000000000000000000000004625158929339074,0.0625,0.9999576128792408
-0.34375,-0.28125,-0.00000000000000033299689367521505,-0.0000000000000002700705253941759,0.0000000000000000000000002848103225440703,0.0625,0.9999576130302711
-0.3125,-0.28125,-0.00000000000003056075435965314,-0.0000000000000276018350939996,0.00000000000000000000035528158255031723,0.0625,0.9999576153412804
-0.28125000000002287,-0.28125000000002287,-0.0000000000026523067267009065,-0.0000000000026523067267009012,0.00000000000000000018699635373194779,0.0625,0.9999576372096238
-0.25000000000178757,-0.28125000000199335,-0.0000000001148552175073822,-0.00000000012810013796679668,0.000000000000000044089546524146464,0.0625,0.9999577858455422
-0.2187500000374741,-0.2812500000476823,-0.0000000021119913873742773,-0.0000000026900060330105174,0.000000000000005120715642179856,0.0625,0.9999585883323194
-0.18750000037075593,-0.28125000054890326,-0.000000019395958665790896,-0.000000028775557106005833,0.0000000000002706143269823675,0.0625,0.9999620724040985
-0.15625000202919245,-0.2812500035939043,-0.00000010208774579399893,-0.00000018088734693458403,0.000000000006865538517383022,0.0625,0.99997401754099
-0.12500000686967902,-0.28125001507482933,-0.0000003405394959319357,-0.0000007441867641904693,0.00000000007952092379186381,0.0625,1.0000055327982997
-0.0937500151261503,-0.2812500437042489,-0.0000007478654836732162,-0.0000021423609029936957,0.0000000004692594417688301,0.0625,1.0000671606076492
-0.06250002144875298,-0.2812500917085048,-0.0000010610062341626983,-0.000004488645734774997,0.0000000015912576595682627,0.0625,1.0001538226181685
-0.03125001680944821,-0.2812501425874911,-0.0000008311930470921738,-0.00000698419984425834,0.0000000034821613270434284,0.0625,1.0002351225091395
0.000000000000000000000013723456951802673,-0.28125016527674435,0.000000000000000000000429532469801014,-0.000008101813123248354,0.000000004769245174659201,0.0625,1.0002692850896329
0.03125001680944821,-0.2812501425874911,0.0000008311930470921744,-0.000006984199844258336,0.0000000034821613270434268,0.0625,1.0002351225091395
0.06250002144875298,-0.2812500917085048,0.0000010610062341626983,-0.000004488645734774992,0.0000000015912576595682604,0.0625,1.0001538226181688
0.0937500151261503,-0.2812500437042489,0.0000007478654836732153,-0.000002142360902993693,0.0000000004692594417688282,0.0625,1.0000671606076488
0.12500000686967902,-0.28125001507482933,0.0000003405394959319352,-0.000000744186764190468,0.00000000007952092379186315,0.0625,1.0000055327982995
0.15625000202919245,-0.2812500035939043,0.00000010208774579399882,-0.0000001808873469345838,0.000000000006865538517382962,0.0625,0.99997401754099
0.18750000037075593,-0.28125000054890326,0.000000019395958665790892,-0.00000002877555710600583,0.0000000000002706143269823674,0.0625,0.9999620724040987
0.2187500000374741,-0.2812500000476823,0.0000000021119913873742806,-0.0000000026900060330105207,0.000000000000005120715642179865,0.0625,0.9999585883323194
0.25000000000178757,-0.28125000000199335,0.00000000011485521750738216,-0.00000000012810013796679663,0.00000000000000004408954652414643,0.0625,0.9999577858455422
0.28125000000002287,-0.28125000000002287,0.0000000000026523067267009,-0.0000000000026523067267008947,0.0000000000000000001869963537319473,0.0625,0.9999576372096243
0.3125,-0.28125,0.000000000000030560754359652814,-0.00000000000002760183509399932,0.0000000000000000000003552815825503148,0.0625,0.9999576153412807
0.34375,-0.28125,0.0000000000000003329968936752159,-0.0000000000000002700705253941775,0.0000000000000000000000002848103225440706,0.0625,0.9999576130302718
0.375,-0.28125,0.0000000000000000017039117385095278,-0.000000000000000001252524184245311,0.00000000000000000000000000004625158929339034,0.0625,0.9999576128792408
0.40625,-0.28125,0.000000000000000000004128089900410561,-0.0000000000000000000028498261465140735,0.0000000000000000000000000000000010447465795821425,0.0625,0.9917919133952532
0.4375,-0.28125,0.000000000000000000000004335825836366873,-0.000000000000000000000002901279566186831,0.0000000000000000000000000000000000000021551562645889858,0.0625,0.9125139202708776
0.46875,-0.28125,0.0000000000000000000000000015957108183842718,-0.0000000000000000000000000010557341073366646,0.0000000000000000000000000000000000000000000004411304911708446,0.04336660960616551,0.7477416890017257
-0.5,-0.25,-0.000000000000000000000000000008757458512400776,-0.000000000000000000000000000005679760727913469,0.00000000000000000000000000000000000000000000000004709727379699235,0.04336660960616551,0.7477416890017254
-0.46875,-0.25,-0.00000000000000000000000009858759539755135,-0.00000000000000000000000006318888110496023,0.000000000000000000000000000000000000000001392548034672075,0.0625,0.9125139202708776
-0.4375,-0.25,-0.0000000000000000000002613977258133134,-0.0000000000000000000001683726498647414,0.000000000000000000000000000000000005104343961650702,0.0625,0.9917919133951878
-0.40625,-0.25,-0.00000000000000000025169189961784153,-0.00000000000000000016481505766716165,0.000000000000000000000000000001668092487318998,0.0625,0.9999576128753456
-0.375,-0.25,-0.00000000000000009923640102541426,-0.00000000000000006735893140954371,0.00000000000000000000000003894675827238024,0.0625,0.999957612940108
-0.34375,-0.25,-0.000000000000015565068267944156,-0.000000000000011427082893544992,0.000000000000000000000120370089053556,0.0625,0.9999576143600035
-0.3125000000000138,-0.2500000000000074,-0.0000000000019546965786261483,-0.0000000000015600102351648076,0.00000000000000000011480266510907057,0.0625,0.9999576321560195
-0.28125000000199335,-0.25000000000178757,-0.00000000012810013796679678,-0.00000000011485521750738224,0.00000000000000004408954652414642,0.0625,0.9999577858455425
-0.2500000000619457,-0.2500000000619457,-0.00000000346138724804932,-0.00000000346138724804932,0.000000000000008300393940283428,0.0625,0.9999588404084697
-0.21875000086588756,-0.25000000098429925,-0.00000004472867881243295,-0.00000005090767518074114,0.0000000000007792534859626243,0.0625,0.9999647364650313
-0.18750000643944031,-0.2500000085345977,-0.00000031834615813761546,-0.00000042264697601609535,0.00000000003504037902541995,0.0625,0.9999905204345729
-0.15625002993700673,-0.2500000474942133,-0.0000014405568871053256,-0.0000022866132919065653,0.0000000011427914764072466,0.0625,1.0000842675659738
-0.12500009575475926,-0.25000018881537217,-0.000004486226533871241,-0.000008841177844960772,0.000000015112171753199258,0.0625,1.00035522608335
-0.09375021499761887,-0.25000056132398085,-0.000009729755061197985,-0.00002537108542721392,0.0000000930850700586413,0.0625,1.0009206869550786
-0.06250032262955851,-0.25000125403271006,-0.000014126676491329695,-0.000054972413614569245,0.00000033991784138795776,0.0625,1.0017518596678119
-0.0312502677094995,-0.2500020826259846,-0.000011453812310597978,-0.00008946867210062554,0.0000007720153747806811,0.0625,1.0025636790089236
0.000000000000000000000024620304328758366,-0.250002481553345,-0.0000000000000000000029375124178735123,-0.00010578003785833147,0.000001028011396684988,0.0625,1.0029069415032488
0.0312502677094995,-0.2500020826259846,0.000011453812310597976,-0.00008946867210062555,0.0000007720153747806814,0.0625,1.0025636790089234
0.06250032262955851,-0.25000125403271006,0.000014126676491329698,-0.00005497241361456926,0.00000033991784138795834,0.0625,1.0017518596678117
0.09375021499761887,-0.25000056132398085,0.000009729755061197988,-0.00002537108542721392,0.00000009308507005864155,0.0625,1.0009206869550789
0.12500009575475926,-0.25000018881537217,0.000004486226533871239,-0.000008841177844960759,0.000000015112171753199268,0.0625,1.0003552260833501
0.15625002993700673,-0.2500000474942133,0.0000014405568871053233,-0.0000022866132919065623,0.0000000011427914764072445,0.0625,1.0000842675659736
0.18750000643944031,-0.2500000085345977,0.0000003183461581376149,-0.0000004226469760160948,0.00000000003504037902541967,0.0625,0.9999905204345729
0.21875000086588756,-0.25000000098429925,0.00000004472867881243292,-0.00000005090767518074113,0.0000000000007792534859626257,0.0625,0.999964736465031
0.2500000000619457,-0.2500000000619457,0.0000000034613872480493234,-0.000000003461387248049325,0.000000000000008300393940283436,0.0625,0.9999588404084699
0.28125000000199335,-0.25000000000178757,0.00000000012810013796679665,-0.00000000011485521750738216,0.00000000000000004408954652414636,0.0625,0.9999577858455422
0.3125000000000138,-0.2500000000000074,0.0000000000019546965786261383,-0.0000000000015600102351648018,0.00000000000000000011480266510907028,0.0625,0.9999576321560192
0.34375,-0.25,0.00000000000001556506826794401,-0.000000000000011427082893544915,0.0000000000000000000001203700890535553,0.0625,0.9999576143600039
0.375,-0.25,0.00000000000000009923640102538727,-0.00000000000000006735893140962102,0.00000000000000000000000003894675827237976,0.0625,0.999957612940108
0.40625,-0.25,0.00000000000000000025170857511436267,-0.00000000000000000016482603427077842,0.000000000000000000000000000001674931268720141,0.0625,0.9917919133965557
0.4375,-0.25,0.0000000000000000000002614462424408161,-0.00000000000000000000016840449411081137,0.0000000000000000000000000000000000053159351574194515,0.0625,0.9125139202708852
0.46875,-0.25,0.00000000000000000000000009855594575348557,-0.00000000000000000000000006317688073517602,0.00000000000000000000000000000000000000000064544080039731425,0.0433666096061655,0.7477416890017257
-0.5,-0.21875,-0.00000000000000000000000000029592630297761037,-0.00000000000000000000000000018262709437352638,0.00000000000000000000000000000000000000000000002079891340858657,0.04336660960616551,0.7477416890017254
-0.46875,-0.21875,-0.000000000000000000000002468040229735485,-0.0000000000000000000000014848689760492782,0.0000000000000000000000000000000000000004016767942101552,0.0625,0.9125139202708776
-0.4375,-0.21875,-0.000000000000000000006856830410585279,-0.0000000000000000000041577505433824,0.000000000000000000000000000000002091911009777899,0.0625,0.9917919133952914
-0.40625,-0.21875,-0.000000000000000007059013187566549,-0.000000000000000004345703877496113,0.0000000000000000000000000004947631677433839,0.0625,0.9999576128873227
-0.375,-0.21875,-0.0000000000000028317143099979245,-0.0000000000000017910889335096626,0.000000000000000000000007616009048109962,0.0625,0.9999576133802044
-0.34375,-0.21875,-0.0000000000005548334896986842,-0.0000000000003683988868000391,0.000000000000000000018648582505454505,0.0625,0.999957622263845
-0.31250000000096295,-0.2187500000006807,-0.00000000006371530576246314,-0.00000000004500928140787937,0.000000000000000015203099879524585,0.0625,0.9999577224593669
-0.2812500000476823,-0.2187500000374741,-0.000000002690006033010525,-0.000000002111991387374285,0.0000000000000051207156421798665,0.0625,0.9999585883323194
-0.25000000098429925,-0.21875000086588756,-0.000000050907675180740824,-0.000000044728678812432505,0.000000000000779253485962526,0.0625,0.9999647364650313
-0.21875001021591875,-0.21875001021591875,-0.0000005037172261245516,-0.0000005037172261245491,0.00000000005528594391689492,0.0625,0.9999988879424041
-0.18750006535003338,-0.2187500761958792,-0.000003116851635086098,-0.000003637380585951994,0.000000003462155146817238,0.0625,1.0001633839403508
-0.15625030686356536,-0.2187504294635011,-0.000013914255741848355,-0.000019481079636528734,0.00000008974978273641135,0.0625,1.0008229252500507
-0.1250010893103947,-0.2187518985086753,-0.0000458305905556607,-0.00007983803606052255,0.0000008999210323500876,0.0625,1.0026709881730358
-0.09375272120352587,-0.21875627482353266,-0.0001065294366868149,-0.0002458929780405354,0.000004551586197409993,0.0625,1.0062041423760073
-0.06250494345166127,-0.21876635358979485,-0.00018944651529547308,-0.0006226651739923831,0.000014539346482025738,0.0625,1.010950614398146
-0.031254545619351315,-0.2187795256851559,-0.00017338879241504438,-0.0011100614885195491,0.000028528456163451432,0.0625,1.0151957538872287
-0.0000000000000000000012353691075398317,-0.21878588423616432,-0.00000000000000000007203009472499326,-0.0013431788253879815,0.000035792640057133974,0.0625,1.016911118606249
0.031254545619351315,-0.2187795256851559,0.00017338879241504435,-0.0011100614885195495,0.00002852845616345144,0.0625,1.0151957538872285
0.06250494345166127,-0.21876635358979485,0.00018944651529547322,-0.0006226651739923835,0.000014539346482025741,0.0625,1.010950614398146
0.09375272120352587,-0.21875627482353266,0.00010652943668681495,-0.00024589297804053565,0.00000455158619741,0.0625,1.006204142376007
0.1250010893103947,-0.2187518985086753,0.000045830590555660716,-0.00007983803606052255,0.0000008999210323500892,0.0625,1.002670988173036
0.15625030686356536,-0.2187504294635011,0.000013914255741848347,-0.000019481079636528734,0.00000008974978273641145,0.0625,1.0008229252500511
0.18750006535003338,-0.2187500761958792,0.0000031168516350860935,-0.00000363738058595199,0.000000003462155146817238,0.0625,1.0001633839403505
0.21875001021591875,-0.21875001021591875,0.0000005037172261245509,-0.0000005037172261245486,0.000000000055285943916894503,0.0625,0.9999988879424041
0.25000000098429925,-0.21875000086588756,0.000000050907675180740844,-0.0000000447286788124325,0.0000000000007792534859625301,0.0625,0.999964736465031
0.2812500000476823,-0.2187500000374741,0.000000002690006033010526,-0.0000000021119913873742856,0.000000000000005120715642179874,0.0625,0.9999585883323194
0.31250000000096295,-0.2187500000006807,0.00000000006371530576246058,-0.00000000004500928140787916,0.000000000000000015203099879524557,0.0625,0.9999577224593666
0.34375,-0.21875,0.0000000000005548334896986708,-0.00000000000036839888680003616,0.00000000000000000001864858250545439,0.0625,0.9999576222638452
0.375,-0.21875,0.0000000000000028317143099974646,-0.0000000000000017910889335108032,0.000000000000000000000007616009048109717,0.0625,0.9999576133802046
0.40625,-0.21875,0.000000000000000007059734455007222,-0.000000000000000004346156312940514,0.0000000000000000000000000004967915778803751,0.0625,0.991791913408533
0.4375,-0.21875,0.000000000000000000006859222628349806,-0.0000000000000000000041592566370672794,0.000000000000000000000000000000002178627331699079,0.0625,0.9125139202709888
0.46875,-0.21875,0.000000000000000000000002466498491689778,-0.0000000000000000000000014840464318912778,0.00000000000000000000000000000000000000018609889911122876,0.0433666096061655,0.7477416890017257
-0.5,-0.1875,-0.000000000000000000000000004571572044527554,-0.0000000000000000000000000025716766191257197,0.0000000000000000000000000000000000000000000022167604287322695,0.04336660960616551,0.7477416890017254
-0.46875,-0.1875,-0.00000000000000000000003143785440692553,-0.00000000000000000000001709635564664054,0.00000000000000000000000000000000000003197657280458644,0.0625,0.9125139202708781
-0.4375,-0.1875,-0.00000000000000000009405281356743505,-0.00000000000000000005200067264043081,0.00000000000000000000000000000021727624344647745,0.0625,0.9917919133960131
-0.40625,-0.1875,-0.00000000000000011351193915789088,-0.00000000000000006490278788245962,0.00000000000000000000000004348635573131776,0.0625,0.999957612956307
-0.375,-0.1875,-0.000000000000040283049377749856,-0.000000000000022983262333585068,0.0000000000000000000004380773926078076,0.0625,0.999957615489973
-0.3437500000001202,-0.18750000000007355,-0.000000000009833236172955285,-0.000000000005860366029837528,0.0000000000000000010105872404693058,0.0625,0.9999576556830844
-0.3125000000155282,-0.18750000000959,-0.0000000009101605031969008,-0.0000000005607612674343941,0.0000000000000008218779906929309,0.0625,0.9999580980158892
-0.28125000054890326,-0.18750000037075593,-0.000000028775557106005118,-0.000000019395958665790174,0.00000000000027061432698223905,0.0625,0.999962072404099
-0.2500000085345977,-0.18750000643944031,-0.00000042264697601608826,-0.0000003183461581376069,0.000000000035040379025415236,0.0625,0.9999905204345729
-0.2187500761958792,-0.18750006535003338,-0.000003637380585951986,-0.00000311685163508606,0.0000000034621551468172188,0.0625,1.0001633839403508
-0.1875005034303531,-0.1875005034303531,-0.000022611714386761804,-0.00002261171438676174,0.0000001423120843133595,0.0625,1.0010734080148176
-0.15625267382714747,-0.18750322123525415,-0.00010869594129727953,-0.00013111167576005395,0.0000023490679386879314,0.0625,1.0043979917181558
-0.12501027344555493,-0.18751543486882466,-0.0003800552891620764,-0.0005710131690268693,0.000017654867899771355,0.0625,1.012268475880545
-0.09377784722850821,-0.18755345012000174,-0.0009826704491932732,-0.0018680076768523065,0.00006978148128008903,0.0625,1.0247500837033374
-0.0625449335779053,-0.18762926357060603,-0.0015579933935501724,-0.00443539519656845,0.00017080081351363797,0.0625,1.0384823204541578
-0.031285098213861724,-0.18771986647685582,-0.001169094005933208,-0.007264602084300028,0.0002816854567643005,0.0625,1.0489312442578982
0.0000000000000000001108858231605212,-0.187756226349013,0.000000000000000000954842053795884,-0.008306332391422526,0.0003355098937526521,0.0625,1.0528167494220388
0.031285098213861724,-0.18771986647685582,0.0011690940059332097,-0.007264602084300029,0.0002816854567643005,0.0625,1.0489312442578982
0.0625449335779053,-0.18762926357060603,0.0015579933935501724,-0.004435395196568447,0.00017080081351363783,0.0625,1.0384823204541573
0.09377784722850821,-0.18755345012000174,0.0009826704491932715,-0.0018680076768523004,0.00006978148128008882,0.0625,1.0247500837033374
0.12501027344555493,-0.18751543486882466,0.0003800552891620766,-0.0005710131690268693,0.000017654867899771332,0.0625,1.0122684758805451
0.15625267382714747,-0.18750322123525415,0.00010869594129727957,-0.000131111675760054,0.000002349067938687935,0.0625,1.0043979917181558
0.1875005034303531,-0.1875005034303531,0.0000226117143867618,-0.000022611714386761736,0.00000014231208431335955,0.0625,1.0010734080148176
0.2187500761958792,-0.18750006535003338,0.0000036373805859519836,-0.0000031168516350860566,0.0000000034621551468172163,0.0625,1.000163383940351
0.2500000085345977,-0.18750000643944031,0.00000042264697601608794,-0.00000031834615813760667,0.00000000003504037902541507,0.0625,0.9999905204345729
0.28125000054890326,-0.18750000037075593,0.00000002877555710600512,-0.00000001939595866579018,0.0000000000002706143269822417,0.0625,0.9999620724040987
0.3125000000155282,-0.18750000000959,0.000000000910160503196606,-0.0000000005607612674343769,0.0000000000000008218779906929306,0.0625,0.9999580980158892
0.3437500000001202,-0.18750000000007355,0.000000000009833236172953828,-0.000000000005860366029837382,0.0000000000000000010105872404693033,0.0625,0.9999576556830844
0.375,-0.1875,0.00000000000004028304937774592,-0.00000000000002298326233359408,0.0000000000000000000004380773926077882,0.0625,0.9999576154899732
0.40625,-0.1875,0.00000000000000011352711146441323,-0.00000000000000006491161638977915,0.000000000000000000000000043664639149836686,0.0625,0.991791913477517
0.4375,-0.1875,0.00000000000000000009410544132822562,-0.000000000000000000052031389167093376,0.0000000000000000000000000000002262830295124752,0.0625,0.9125139202717105
0.46875,-0.1875,0.000000000000000000000031407107324070924,-0.000000000000000000000017079988875611257,0.000000000000000000000000000000000000014807370909702105,0.04336660960616551,0.7477416890017257
-0.5,-0.15625,-0.00000000000000000000000003877828317654131,-0.000000000000000000000000019010027560691406,0.00000000000000000000000000000000000000000007367961660808512,0.043366609606165514,0.7477416890017256
-0.46875,-0.15625,-0.00000000000000000000023610066642705064,-0.0000000000000000000001116749828034213,0.0000000000000000000000000000000000009241521078781398,0.0625,0.9125139202708821
-0.4375,-0.15625,-0.0000000000000000007620951832439053,-0.00000000000000000036983750683936414,0.000000000000000000000000000007618154693791216,0.0625,0.9917919133992527
-0.40625,-0.15625,-0.0000000000000010454437694381762,-0.0000000000000005275888492726341,0.0000000000000000000000013203428603544735,0.0625,0.9999576132267343
-0.375,-0.15625,-0.0000000000003249064634547411,-0.0000000000001605002112421008,0.000000000000000000009578071628515383,0.0625,0.9999576226098458
-0.3437500000013108,-0.15625000000068195,-0.00000000009037762217694956,-0.000000000046313867160758515,0.000000000000000022518211706586358,0.0625,0.9999577614193412
-0.31250000012741536,-0.15625000006665304,-0.000000006997624742786049,-0.000000003645061241471962,0.000000000000019415929119250237,0.0625,0.999959328529098
-0.2812500035939043,-0.15625000202919245,-0.0000001808873469345755,-0.00000010208774579399147,0.000000000006865538517380172,0.0625,0.9999740175409899
-0.2500000474942133,-0.15625002993700673,-0.0000022866132919065166,-0.0000014405568871052775,0.0000000011427914764072063,0.0625,1.0000842675659736
-0.2187504294635011,-0.15625030686356536,-0.0000194810796365287,-0.000013914255741848206,0.000000089749782736412,0.0625,1.0008229252500513
-0.18750322123525415,-0.15625267382714747,-0.00013111167576005398,-0.00010869594129727933,0.0000023490679386879407,0.0625,1.004397991718156
-0.1562679940504458,-0.1562679940504458,-0.0006577057706214854,-0.0006577057706214569,0.000026812336459945984,0.0625,1.0152701296130284
-0.1250685488230298,-0.15633427687668555,-0.0023351525630485952,-0.002854169643720214,0.00014678344660723605,0.0625,1.0356527662780521
-0.09400181533977223,-0.15664410310785887,-0.006738393513798679,-0.010566421359198308,0.0004192709206262403,0.0625,1.059148320103566
-0.0629589848797812,-0.1574125524965587,-0.009760777895418791,-0.024666632004027713,0.0007054214942773026,0.0625,1.0764353962865538
-0.03160592290761096,-0.15832481505117896,-0.006373850542640939,-0.03868494608196303,0.000866241335557003,0.0625,1.0851783458369098
-0.00000000000000000006760756311691274,-0.1587591694912829,-0.000000000000000009392198220184617,-0.04487829404339272,0.0009463804837816335,0.0625,1.087681067876894
0.03160592290761096,-0.15832481505117896,0.006373850542640935,-0.03868494608196306,0.0008662413355570049,0.0625,1.08517834583691
0.0629589848797812,-0.1574125524965587,0.00976077789541881,-0.024666632004027734,0.0007054214942773041,0.0625,1.0764353962865538
0.09400181533977224,-0.15664410310785887,0.006738393513798685,-0.01056642135919832,0.0004192709206262402,0.0625,1.0591483201035659
0.1250685488230298,-0.15633427687668555,0.0023351525630485913,-0.002854169643720209,0.00014678344660723591,0.0625,1.0356527662780524
0.1562679940504458,-0.1562679940504458,0.0006577057706214866,-0.0006577057706214582,0.000026812336459945984,0.0625,1.0152701296130289
0.18750322123525415,-0.15625267382714747,0.0001311116757600541,-0.00010869594129727946,0.000002349067938687944,0.0625,1.004397991718156
0.2187504294635011,-0.15625030686356536,0.000019481079636528687,-0.000013914255741848201,0.00000008974978273641199,0.0625,1.0008229252500513
0.2500000474942133,-0.15625002993700673,0.000002286613291906514,-0.0000014405568871052758,0.0000000011427914764072025,0.0625,1.0000842675659736
0.2812500035939043,-0.15625000202919245,0.0000001808873469345754,-0.00000010208774579399147,0.000000000006865538517380174,0.0625,0.9999740175409902
0.31250000012741536,-0.15625000006665304,0.000000006997624742773773,-0.0000000036450612414713607,0.000000000000019415929119250596,0.0625,0.999959328529098
0.3437500000013108,-0.15625000000068195,0.00000000009037762217688278,-0.000000000046313867160753404,0.0000000000000000225182117065863,0.0625,0.9999577614193416
0.375,-0.15625,0.00000000000032490646345472774,-0.0000000000001605002112421417,0.00000000000000000000957807162851482,0.0625,0.9999576226098466
0.40625,-0.15625,0.0000000000000010456143619917516,-0.0000000000000005276763907155522,0.0000000000000000000000013257559322435336,0.0625,0.9917919137479446
0.4375,-0.15625,0.00000000000000000076271060591260695,-0.0000000000000000003701563705095536,0.000000000000000000000000000007933951202590855,0.0625,0.9125139202749502
0.46875,-0.15625,0.0000000000000000000002357750140314852,-0.00000000000000000000011151762332558497,0.000000000000000000000000000000000000427716650505579,0.04336660960616551,0.7477416890017257
-0.5,-0.125,-0.0000000000000000000000002015990887470552,-0.0000000000000000000000000817946624696106,0.000000000000000000000000000000000000000000970074476613949,0.04336660960616551,0.7477416890017254
-0.46875,-0.125,-0.000000000000000000001137981574365785,-0.0000000000000000000004462464595110432,0.000000000000000000000000000000000011769115115689714,0.0625,0.9125139202708987
-0.4375,-0.125,-0.000000000000000003928602646717722,-0.0000000000000000015925626320210865,0.00000000000000000000000000010893225299007452,0.0625,0.9917919134092951
-0.40625,-0.125,-0.0000000000000058632207061812424,-0.000000000000002467908695974881,0.000000000000000000000016760566264193602,0.0625,0.9999576139775723
-0.3750000000000075,-0.1250000000000014,-0.0000000000016435589827862636,-0.0000000000006715744770747687,0.00000000000000000009822013383204522,0.0625,0.9999576401343204
-0.3437500000076961,-0.12500000000332182,-0.0000000005004145735544022,-0.00000000021268948326702663,0.00000000000000024666435244320784,0.0625,0.9999580176983921
-0.31250000063803557,-0.1250000002734472,-0.00000003389783495903856,-0.000000014525933873923599,0.00000000000026622655108681157,0.0625,0.9999625391908282
-0.28125001507482933,-0.12500000686967902,-0.0000007441867641904246,-0.00000034053949593190604,0.0000000000795209237918429,0.0625,1.0000055327982997
-0.25000018881537217,-0.12500009575475926,-0.0000088411778449606,-0.000004486226533871096,0.000000015112171753199354,0.0625,1.0003552260833501
-0.2187518985086753,-0.1250010893103947,-0.0000798380360605225,-0.000045830590555660485,0.0000008999210323501036,0.0625,1.0026709881730358
-0.18751543486882463,-0.12501027344555493,-0.0005710131690267519,-0.00038005528916194365,0.00001765486789977072,0.0625,1.012268475880545
-0.15633427687668555,-0.1250685488230298,-0.0028541696437202387,-0.002335152563048368,0.00014678344660723578,0.0625,1.0356527662780524
-0.12548678100874827,-0.12548678100874827,-0.012133121894900676,-0.012133121894900512,0.0005500142376061892,0.0625,1.0667067258584104
-0.09525710663269568,-0.12696674339482858,-0.027626171830882562,-0.03602314297807862,0.0009124225229744748,0.0625,1.0860407293434262
-0.06478437315282622,-0.12956049554713903,-0.03456687605578673,-0.06940317620184562,0.0008497222253106114,0.0625,1.0863264496730036
-0.03294491169681393,-0.13229265289788322,-0.022834693718475064,-0.1024003864174276,0.0008219480874741032,0.0625,1.0789269743437278
-0.0000000000000000010619209638172314,-0.1333697412024965,-0.00000000000000004235981759369183,-0.11624589030169975,0.0009638169288775656,0.0625,1.0752575856526363
0.03294491169681393,-0.13229265289788322,0.022834693718475053,-0.10240038641742769,0.0008219480874741079,0.0625,1.0789269743437282
0.06478437315282622,-0.12956049554713903,0.03456687605578681,-0.06940317620184568,0.0008497222253106177,0.0625,1.0863264496730038
0.09525710663269568,-0.12696674339482858,0.027626171830882583,-0.03602314297807864,0.0009124225229744763,0.0625,1.0860407293434264
0.12548678100874827,-0.12548678100874827,0.012133121894900688,-0.012133121894900518,0.0005500142376061898,0.0625,1.06670672585841
0.15633427687668555,-0.1250685488230298,0.0028541696437202335,-0.002335152563048368,0.00014678344660723567,0.0625,1.035652766278052
0.18751543486882463,-0.12501027344555493,0.0005710131690267545,-0.00038005528916194636,0.000017654867899770715,0.0625,1.012268475880545
0.2187518985086753,-0.1250010893103947,0.00007983803606052257,-0.00004583059055566054,0.0000008999210323501053,0.0625,1.0026709881730358
0.25000018881537217,-0.12500009575475926,0.000008841177844960594,-0.000004486226533871096,0.00000001511217175319934,0.0625,1.0003552260833506
0.28125001507482933,-0.12500000686967902,0.0000007441867641904246,-0.0000003405394959319062,0.00000000007952092379184283,0.0625,1.0000055327982997
0.31250000063803557,-0.1250000002734472,0.00000003389783495880412,-0.000000014525933873913777,0.00000000000026622655108682056,0.0625,0.9999625391908282
0.3437500000076961,-0.12500000000332182,0.0000000005004145735530816,-0.00000000021268948326694174,0.00000000000000024666435244320764,0.0625,0.9999580176983923
0.3750000000000075,-0.1250000000000014,0.0000000000016435589827863625,-0.0000000000006715744770748683,0.00000000000000000009822013383203748,0.0625,0.9999576401343206
0.40625,-0.125,0.000000000000005864341998058089,-0.0000000000000024683872098371037,0.000000000000000000000016829280185913946,0.0625,0.9917919144987831
0.4375,-0.125,0.0000000000000000039328235865169636,-0.0000000000000000015943992746873617,0.00000000000000000000000000011344783726712288,0.0625,0.9125139202849925
0.46875,-0.125,0.0000000000000000000011359207131078473,-0.0000000000000000000004454004571343083,0.000000000000000000000000000000000005444246641202303,0.0433666096061655,0.7477416890017257
-0.5,-0.09375,-0.0000000000000000000000006864154287260678,-0.00000000000000000000000021428120836666893,0.000000000000000000000000000000000000000006212025650945325,0.04336660960616551,0.7477416890017254
-0.46875,-0.09375,-0.000000000000000000003704786357933542,-0.0000000000000000000011219488721285473,0.00000000000000000000000000000000007562472510483125,0.0625,0.9125139202709378
-0.4375,-0.09375,-0.00000000000000001348290699947238,-0.0000000000000000042403909401652354,0.0000000000000000000000000007472709883429305,0.0625,0.9917919134312188
-0.40625,-0.09375,-0.000000000000021162936845474985,-0.000000000000006879739427510804,0.00000000000000000000010600311213707964,0.0625,0.9999576154763548
-0.37500000000004746,-0.09375000000001606,-0.000000000005621135338747091,-0.0000000000018016910509050054,0.0000000000000000005484781629617296,0.0625,0.999957672059761
-0.3437500000290191,-0.09375000000984426,-0.0000000018279186649903478,-0.0000000006112112712254441,0.000000000000001482004453639221,0.0625,0.9999584933820562
-0.31250000212238205,-0.09375000069929784,-0.00000011136376449422082,-0.00000003686888033712346,0.000000000001870076887078681,0.0625,0.999969070411551
-0.2812500437042489,-0.0937500151261503,-0.000002142360902993562,-0.0000007478654836731511,0.0000000004692594417687554,0.0625,1.000067160607649
-0.25000056132398085,-0.09375021499761887,-0.000025371085427213668,-0.000009729755061197791,0.00000009308507005864342,0.0625,1.000920686955079
-0.21875627482353266,-0.09375272120352587,-0.0002458929780404275,-0.00010652943668674328,0.0000045515861974091055,0.0625,1.0062041423760073
-0.18755345012000174,-0.09377784722850821,-0.0018680076768520285,-0.0009826704491930323,0.00006978148128008706,0.0625,1.0247500837033376
-0.15664410310785887,-0.09400181533977223,-0.010566421359198446,-0.006738393513798528,0.0004192709206262424,0.0625,1.0591483201035663
-0.12696674339482858,-0.09525710663269568,-0.0360231429780789,-0.02762617183088264,0.000912422522974478,0.0625,1.0860407293434267
-0.09839268271730901,-0.09839268271730903,-0.0676233107902362,-0.06762331079023635,0.0009175400824315953,0.0625,1.0808199133784655
-0.0688047537071545,-0.10314089040545948,-0.08112263551406176,-0.12151801517697502,0.0008589279484165034,0.0625,1.0503866342586434
-0.035786462334920305,-0.10756574225143258,-0.05829547703666708,-0.1761831196326852,0.0012317899996599276,0.0625,1.0155628139147894
0.000000000000000006423293686711285,-0.10943008252166424,0.00000000000000009916722820615737,-0.20315068645399836,0.0014364435626745815,0.0625,1.000916548139938
0.03578646233492031,-0.10756574225143256,0.058295477036667084,-0.17618311963268501,0.0012317899996599213,0.0625,1.0155628139147894
0.0688047537071545,-0.10314089040545948,0.08112263551406167,-0.12151801517697478,0.0008589279484165021,0.0625,1.0503866342586434
0.09839268271730901,-0.09839268271730903,0.06762331079023629,-0.06762331079023641,0.0009175400824315981,0.0625,1.0808199133784653
0.12696674339482858,-0.09525710663269568,0.0360231429780789,-0.027626171830882645,0.0009124225229744797,0.0625,1.0860407293434269
0.15664410310785887,-0.09400181533977223,0.01056642135919844,-0.006738393513798532,0.00041927092062624263,0.0625,1.0591483201035659
0.18755345012000174,-0.09377784722850821,0.001868007676852028,-0.0009826704491930358,0.000069781481280087,0.0625,1.0247500837033376
0.21875627482353266,-0.09375272120352587,0.0002458929780404299,-0.00010652943668674483,0.000004551586197409132,0.0625,1.006204142376007
0.25000056132398085,-0.09375021499761887,0.00002537108542721366,-0.000009729755061197795,0.00000009308507005864335,0.0625,1.0009206869550789
0.2812500437042489,-0.0937500151261503,0.0000021423609029935623,-0.0000007478654836731518,0.0000000004692594417687546,0.0625,1.0000671606076492
0.31250000212238205,-0.09375000069929784,0.00000011136376449209552,-0.00000003686888033705306,0.0000000000018700768870788082,0.0625,0.9999690704115509
0.3437500000290191,-0.09375000000984426,0.0000000018279186649777484,-0.0000000006112112712247928,0.0000000000000014820044536392443,0.0625,0.999958493382056
0.37500000000004746,-0.09375000000001606,0.000000000005621135338748504,-0.0000000000018016910509050806,0.0000000000000000005484781629616748,0.0625,0.9999576720597612
0.40625,-0.09375,0.00000000000002116752069432198,-0.00000000000000688124853444305,0.00000000000000000000010643769622480262,0.0625,0.9917919159975651
0.4375,-0.09375,0.000000000000000013500876347597659,-0.000000000000000004246473905202939,0.00000000000000000000000000077824771613366145,0.0625,0.9125139203069162
0.46875,-0.09375,0.000000000000000000003696511683550722,-0.0000000000000000000011192822022892893,0.000000000000000000000000000000000034967426821243805,0.04336660960616551,0.7477416890017257
-0.5,-0.0625,-0.0000000000000000000000015988640959494383,-0.00000000000000000000000033893240121871144,0.00000000000000000000000000000000000000002185757105228332,0.043366609606165514,0.7477416890017256
-0.46875,-0.0625,-0.000000000000000000008420252999217101,-0.0000000000000000000017386149994562645,0.00000000000000000000000000000000026922485495173787,0.0625,0.9125139202709976
-0.4375,-0.0625,-0.00000000000000003178021128786318,-0.000000000000000006831839928776764,0.000000000000000000000000002768125576019665,0.0625,0.9917919134644773
-0.40625,-0.0625,-0.000000000000051280833762161755,-0.000000000000011343554519242751,0.00000000000000000000037198810485161,0.0625,0.9999576176032181
-0.37500000000012884,-0.06250000000002934,-0.000000000013560854299272643,-0.0000000000030772019150589375,0.0000000000000000018020019069957286,0.0625,0.9999577145694436
-0.3437500000739812,-0.06250000001757657,-0.0000000045771233330416285,-0.0000000010728419117140562,0.00000000000000517309897489743,0.0625,0.9999591501357229
-0.31250000488985874,-0.0625000010979713,-0.0000002557163274644154,-0.00000005786855772379248,0.000000000007118224760542841,0.0625,0.9999787375678487
-0.2812500917085048,-0.06250002144875298,-0.000004488645734774738,-0.0000010610062341626143,0.0000000015912576595681115,0.0625,1.0001538226181688
-0.25000125403271006,-0.06250032262955851,-0.000054972413614568913,-0.000014126676491329497,0.00000033991784138796575,0.0625,1.0017518596678117
-0.21876635358979485,-0.06250494345166127,-0.0006226651739920796,-0.00018944651529533826,0.000014539346482022566,0.0625,1.0109506143981457
-0.18762926357060603,-0.0625449335779053,-0.004435395196568195,-0.001557993393550016,0.00017080081351363607,0.0625,1.0384823204541578
-0.15741255249655872,-0.0629589848797812,-0.024666632004028136,-0.009760777895418847,0.0007054214942773064,0.0625,1.0764353962865538
-0.12956049554713905,-0.06478437315282623,-0.06940317620184651,-0.0345668760557874,0.0008497222253106173,0.0625,1.0863264496730036
-0.10314089040545948,-0.06880475370715451,-0.12151801517697497,-0.08112263551406142,0.0008589279484165069,0.0625,1.0503866342586436
-0.07463541822534812,-0.07463541822534814,-0.15719883217064573,-0.15719883217064565,0.0017599486983374175,0.0625,0.9805512051485368
-0.03832316982311492,-0.07769835742993449,-0.08263395978734583,-0.18796503657026614,0.2949080006837892,0.040762180107687875,0.8463455724314675
-0.0000000000000000027879039222837374,-0.07953895003502845,0.00000000000000006346087522944054,-0.2123322864240444,0.28659704390249935,0.04182883210968529,0.8037316206561963
0.03832316982311492,-0.0776983574299346,0.0826339597873457,-0.1879650365702668,0.29490800068378936,0.04076218010768787,0.8463455724314677
0.07463541822534814,-0.07463541822534814,0.15719883217064584,-0.15719883217064562,0.0017599486983374232,0.0625,0.9805512051485377
0.10314089040545948,-0.0688047537071545,0.12151801517697478,-0.08112263551406138,0.0008589279484165047,0.0625,1.0503866342586434
0.12956049554713905,-0.06478437315282623,0.06940317620184656,-0.03456687605578743,0.0008497222253106225,0.0625,1.0863264496730038
0.15741255249655872,-0.0629589848797812,0.024666632004028147,-0.00976077789541885,0.0007054214942773084,0.0625,1.0764353962865538
0.18762926357060603,-0.0625449335779053,0.0044353951965681974,-0.0015579933935500187,0.00017080081351363604,0.0625,1.0384823204541576
0.21876635358979485,-0.06250494345166127,0.000622665173992086,-0.00018944651529534113,0.00001453934648202265,0.0625,1.0109506143981462
0.25000125403271006,-0.06250032262955851,0.00005497241361456892,-0.000014126676491329493,0.00000033991784138796543,0.0625,1.0017518596678117
0.2812500917085048,-0.06250002144875298,0.000004488645734774733,-0.0000010610062341626147,0.0000000015912576595681065,0.0625,1.0001538226181688
0.31250000488985874,-0.0625000010979713,0.00000025571632745460135,-0.00000005786855772356668,0.000000000007118224760543925,0.0625,0.9999787375678484
0.3437500000739812,-0.06250000001757657,0.000000004577123332979479,-0.0000000010728419117117632,0.000000000000005173098974897663,0.0625,0.9999591501357227
0.37500000000012884,-0.06250000000002934,0.000000000013560854299279731,-0.0000000000030772019150587517,0.0000000000000000018020019069955136,0.0625,0.9999577145694434
0.40625,-0.0625,0.00000000000005129298215113337,-0.000000000000011346279685171743,0.0000000000000000000003735131532672961,0.0625,0.9917919181244287
0.4375,-0.0625,0.000000000000000031829393973291217,-0.000000000000000006843260956091772,0.000000000000000000000000002882873061657171,0.0625,0.912513920340175
0.46875,-0.0625,0.000000000000000000008398452111708887,-0.0000000000000000000017337661497572547,0.00000000000000000000000000000000012443719931410317,0.04336660960616551,0.7477416890017257
-0.5,-0.03125,-0.0000000000000000000000026248397814101075,-0.00000000000000000000000028136009452051215,0.000000000000000000000000000000000000000045081213540431923,0.04336660960616551,0.7477416890017254
-0.46875,-0.03125,-0.000000000000000000013659568468259295,-0.0000000000000000000014306158342825517,0.00000000000000000000000000000000055939827838519895,0.0625,0.9125139202710562
-0.4375,-0.03125,-0.000000000000000052647280302016747,-0.0000000000000000057476519502275956,0.0000000000000000000000000058769090653426955,0.0625,0.9917919134970665
-0.40625,-0.03125,-0.00000000000008611310380062863,-0.00000000000000964413297462493,0.0000000000000000000007675895258476102,0.0625,0.9999576195997282
-0.37500000000022865,-0.031250000000027846,-0.000000000023190332371690235,-0.0000000000027897787268154376,0.0000000000000000036209330776768074,0.0625,0.9999577529514211
-0.34375000012930057,-0.031250000015979766,-0.000000007924681856756277,-0.0000000009660142519996706,0.000000000000010751739563632074,0.0625,0.9999597646763756
-0.3125000080014832,-0.03125000091267906,-0.00000041825713032439007,-0.0000000481275967839707,0.000000000015330955151387874,0.0625,0.9999881335415008
-0.2812501425874911,-0.03125001680944821,-0.0000069841998442579815,-0.0000008311930470921134,0.0000000034821613270432423,0.0625,1.0002351225091393
-0.2500020826259846,-0.0312502677094995,-0.00008946867210056489,-0.000011453812310586997,0.0000007720153747800814,0.0625,1.0025636790089234
-0.2187795256851559,-0.031254545619351315,-0.001110061488519165,-0.00017338879241495927,0.00002852845616344668,0.0625,1.015195753887229
-0.1877198664768558,-0.031285098213861724,-0.00726460208429989,-0.0011690940059331685,0.00028168545676429956,0.0625,1.0489312442578984
-0.158324815051179,-0.03160592290761096,-0.0386849460819638,-0.006373850542641131,0.000866241335557007,0.0625,1.08517834583691
-0.13229265289788322,-0.03294491169681393,-0.10240038641742757,-0.022834693718474786,0.0008219480874740932,0.0625,1.0789269743437278
-0.10756574225143259,-0.03578646233492037,-0.17618311963268712,-0.05829547703666948,0.0012317899996599428,0.0625,1.015562813914789
-0.07769835742993447,-0.03832316982311506,-0.18796503657026514,-0.0826339597873536,0.29490800068378914,0.040762180107687895,0.8463455724314666
-0.04144032035074908,-0.04144032035074911,-0.12911399286047465,-0.1291139928604761,0.25431172531551516,0.04532049462941208,0.6846573013765264
-0.00000000000000007590968692898227,-0.0419124074111707,-0.0000000000000008203277979885928,-0.1259227477491388,0.23842606573107405,0.04733727891816977,0.6275609942384737
0.04144032035074909,-0.041440320350749106,0.1291139928604748,-0.12911399286047595,0.25431172531551444,0.04532049462941213,0.6846573013765248
0.07769835742993457,-0.03832316982311503,0.18796503657026578,-0.0826339597873531,0.29490800068378925,0.04076218010768788,0.8463455724314672
0.10756574225143258,-0.03578646233492038,0.17618311963268696,-0.05829547703666949,0.001231789999659938,0.0625,1.0155628139147892
0.13229265289788322,-0.03294491169681393,0.10240038641742769,-0.022834693718474776,0.0008219480874740988,0.0625,1.0789269743437275
0.158324815051179,-0.03160592290761096,0.03868494608196378,-0.0063738505426411225,0.0008662413355570088,0.0625,1.0851783458369106
0.18771986647685576,-0.031285098213861724,0.007264602084299889,-0.001169094005933168,0.0002816854567642996,0.0625,1.0489312442578984
0.2187795256851559,-0.031254545619351315,0.0011100614885191733,-0.00017338879241496095,0.000028528456163446784,0.0625,1.015195753887229
0.2500020826259846,-0.0312502677094995,0.00008946867210056607,-0.000011453812310587207,0.0000007720153747800935,0.0625,1.002563679008923
0.2812501425874911,-0.03125001680944821,0.000006984199844257979,-0.0000008311930470921138,0.000000003482161327043227,0.0625,1.0002351225091388
0.3125000080014832,-0.03125000091267906,0.000000418257130300331,-0.00000004812759678368554,0.000000000015330955151392023,0.0625,0.9999881335415008
0.34375000012930057,-0.031250000015979766,0.00000000792468185659529,-0.0000000009660142519965315,0.000000000000010751739563632913,0.0625,0.9999597646763756
0.37500000000022865,-0.031250000000027846,0.000000000023190332371708278,-0.000000000002789778726815051,0.000000000000000003620933077676314,0.0625,0.9999577529514211
0.40625,-0.03125,0.0000000000000861346236980987,-0.000000000000009646581196882244,0.00000000000000000000077073642825112895,0.0625,0.9917919201209388
0.4375,-0.03125,0.000000000000000052736129696108607,-0.000000000000000005758159664021543,0.000000000000000000000000006120525369795136,0.0625,0.912513920372764
0.46875,-0.03125,0.000000000000000000013621021914228124,-0.000000000000000000001426234998745931,0.0000000000000000000000000000000002584957052242233,0.0433666096061655,0.7477416890017257
-0.5,0.0000000000000000000000000000000000000000004361981012447356,-0.0000000000000000000000030905515274231048,0.00000000000000000000000000000000000000008452212317488534,0.00000000000000000000000000000000000000005706720128889169,0.04336660960616551,0.7477416890017254
-0.46875,-0.0000000000000000000000000000000000000003762859446571849,-0.00000000000000000001602637683170628,-0.000000000000000000000000000000000000026452625098756147,0.00000000000000000000000000000000070978404017448076,0.0625,0.912513920271081
-0.4375,0.00000000000000000000000000000000001264303036240559,-0.00000000000000006219190183974928,0.0000000000000000000000000000000026656112558373268,0.000000000000000000000000007510677900082337,0.0625,0.9917919135108939
-0.40625,0.00000000000000000000000000000003467534814851807,-0.00000000000010213784778478364,0.0000000000000000000000000000058838659250808,0.0000000000000000000009724304449516222,0.0625,0.9999576204295473
-0.3750000000002761,0.000000000000000000000000000022984859697855556,-0.000000000027745271613332098,0.000000000000000000000000002194630125088247,0.00000000000000000455622819539004,0.0625,0.9999577686168013
-0.3437500001555969,0.000000000000000000000000006933011435727779,-0.000000009509322073735905,0.0000000000000000000000009417419493222365,0.000000000000013673701458382489,0.0625,0.9999600209128431
-0.3125000094157913,0.0000000000000000000000001478181395590883,-0.0000004922185627727975,0.00000000000000000000002796242196781206,0.000000000019695705863046207,0.0625,0.9999921118183174
-0.28125016527674435,0.000000000000000000000003411134019825324,-0.000008101813123247964,0.00000000000000000000026815114319705545,0.000000004769245174658993,0.0625,1.0002692850896329
-0.250002481553345,0.00000000000000000000010772669085509938,-0.0001057800378582351,0.00000000000000000000956467850462415,0.0000010280113966839825,0.0625,1.0029069415032486
-0.2187858842361643,0.000000000000000000000861873729365445,-0.0013431788253875838,0.0000000000000000000698737342177646,0.00003579264005712889,0.0625,1.016911118606249
-0.18775622634901298,0.000000000000000000030438182269921557,-0.00830633239142247,0.0000000000000000006759748787797115,0.000335509893752655,0.0625,1.052816749422039
-0.1587591694912829,0.00000000000000000009279783585763758,-0.044878294043393496,0.000000000000000008586831371480057,0.0009463804837816496,0.0625,1.0876810678768942
-0.13336974120249653,0.0000000000000000007914011276819657,-0.11624589030170067,0.00000000000000006313493168288145,0.0009638169288775668,0.0625,1.075257585652636
-0.1094300825216644,0.000000000000000002323952840910396,-0.20315068645400833,0.00000000000000010403426371044381,0.001436443562674664,0.0625,1.0009165481399376
-0.07953895003502835,-0.0000000000000000025016020289457114,-0.21233228642403998,-0.000000000000000007979011964861079,0.28659704390249724,0.041828832109685396,0.8037316206561923
-0.041912407411170624,-0.00000000000000002626098721715217,-0.12592274774913023,-0.0000000000000004972493043725364,0.23842606573107383,0.04733727891816978,0.6275609942384729
0.0000000000000000003938951219048735,-0.0000000000000000017954399861467056,0.0000000000000002841934941181047,0.0000000000000000016032895069506666,0.22292362101185142,0.04958451997033601,0.5719661039212031
0.04191240741117063,-0.00000000000000001347173865808119,0.12592274774913043,-0.00000000000000038473791259113197,0.2384260657310737,0.0473372789181698,0.6275609942384723
0.07953895003502835,0.0000000000000000010712521466129452,0.21233228642403973,0.000000000000000011640052896129016,0.28659704390249724,0.04182883210968538,0.8037316206561927
0.1094300825216644,0.0000000000000000019929418563511346,0.20315068645400802,0.00000000000000009307977349245568,0.0014364435626746585,0.0625,1.000916548139938
0.13336974120249653,0.0000000000000000009673919219490064,0.11624589030170072,0.00000000000000006832785121170449,0.0009638169288775659,0.0625,1.075257585652636
0.1587591694912829,0.0000000000000000001240775326954887,0.04487829404339348,0.000000000000000009897354273883245,0.0009463804837816492,0.0625,1.087681067876894
0.18775622634901298,0.00000000000000000001905939504207321,0.00830633239142246,0.0000000000000000006542903883098732,0.0003355098937526546,0.0625,1.0528167494220393
0.2187858842361643,0.0000000000000000000013837515046730046,0.001343178825387593,0.00000000000000000014681135394498766,0.000035792640057129,0.0625,1.0169111186062487
0.250002481553345,0.00000000000000000000009180336337810135,0.000105780037858237,0.000000000000000000009305289884038231,0.0000010280113966840026,0.0625,1.0029069415032488
0.28125016527674435,0.0000000000000000000000049944820900608646,0.00000810181312324796,0.00000000000000000000034105231846824677,0.000000004769245174658974,0.0625,1.0002692850896329
0.3125000094157913,0.00000000000000000000000028766885404244026,0.0000004922185627404629,0.000000000000000000000028569283512699873,0.00000000001969570586305271,0.0625,0.9999921118183172
0.3437500001555969,0.000000000000000000000000007810384120546923,0.000000009509322073515144,0.0000000000000000000000009747488807229992,0.000000000000013673701458383769,0.0625,0.9999600209128433
0.3750000000002761,0.0000000000000000000000000000146482198445204,0.00000000002774527161335663,0.000000000000000000000000001695556580151657,0.000000000000000004556228195389387,0.0625,0.9999577686168013
0.40625,0.000000000000000000000000000000016256950723990213,0.00000000000010216382853029295,0.00000000000000000000000000000184963253631424,0.0000000000000000000009764171368598829,0.0625,0.9917919209507577
0.4375,0.00000000000000000000000000000000002743321044044878,0.00000000000000006229986575789637,0.000000000000000000000000000000005188514452824409,0.000000000000000000000000007822019043117711,0.0625,0.9125139203865915
0.46875,0.000000000000000000000000000000000000006291259892994265,0.00000000000000000001597986482385685,0.0000000000000000000000000000000000010924577974026224,0.0000000000000000000000000000000003279595338978415,0.04336660960616551,0.7477416890017257
-0.5,0.03125,-0.000000000000000000000002624839781410107,0.0000000000000000000000002813600945205122,0.0000000000000000000000000000000000000000450812135404319,0.043366609606165514,0.7477416890017256
-0.46875,0.03125,-0.000000000000000000013659568468259295,0.000000000000000000001430615834282552,0.0000000000000000000000000000000005593982783851989,0.0625,0.9125139202710562
-0.4375,0.03125,-0.00000000000000005264728030201672,0.0000000000000000057476519502276,0.000000000000000000000000005876909065342695,0.0625,0.9917919134970665
-0.40625,0.03125,-0.00000000000008611310380062859,0.000000000000009644132974624936,0.00000000000000000000076758952584761,0.0625,0.9999576195997286
-0.37500000000022865,0.031250000000027846,-0.00000000002319033237169023,0.00000000000278977872681544,0.0000000000000000036209330776768074,0.0625,0.9999577529514215
-0.34375000012930057,0.031250000015979766,-0.000000007924681856756274,0.0000000009660142519996723,0.000000000000010751739563632065,0.0625,0.9999597646763756
-0.3125000080014832,0.03125000091267906,-0.00000041825713032439,0.00000004812759678397073,0.00000000001533095515138786,0.0625,0.9999881335415007
-0.2812501425874911,0.03125001680944821,-0.0000069841998442579815,0.0000008311930470921142,0.000000003482161327043238,0.0625,1.0002351225091397
-0.2500020826259846,0.0312502677094995,-0.00008946867210056482,0.00001145381231058701,0.0000007720153747800797,0.0625,1.0025636790089234
-0.2187795256851559,0.031254545619351315,-0.0011100614885191642,0.00017338879241495935,0.00002852845616344665,0.0625,1.0151957538872287
-0.1877198664768558,0.031285098213861724,-0.00726460208429989,0.0011690940059331694,0.0002816854567642996,0.0625,1.0489312442578986
-0.158324815051179,0.03160592290761096,-0.038684946081963704,0.00637385054264116,0.000866241335557009,0.0625,1.0851783458369104
-0.13229265289788322,0.03294491169681393,-0.10240038641742753,0.022834693718474873,0.0008219480874740959,0.0625,1.0789269743437273
-0.10756574225143258,0.03578646233492037,-0.17618311963268715,0.0582954770366696,0.0012317899996599428,0.0625,1.015562813914789
-0.07769835742993451,0.03832316982311506,-0.1879650365702657,0.08263395978735354,0.29490800068378914,0.04076218010768789,0.8463455724314668
-0.041440320350749085,0.04144032035074912,-0.12911399286047498,0.1291139928604759,0.2543117253155151,0.045320494629412095,0.6846573013765264
-0.00000000000000006562893623138,0.041912407411170666,-0.0000000000000007110088610167383,0.1259227477491351,0.2384260657310739,0.04733727891816977,0.6275609942384733
0.041440320350749106,0.041440320350749106,0.12911399286047512,0.12911399286047573,0.25431172531551444,0.045320494629412136,0.6846573013765247
0.0776983574299346,0.03832316982311503,0.1879650365702663,0.08263395978735308,0.29490800068378925,0.04076218010768788,0.8463455724314675
0.10756574225143258,0.03578646233492038,0.176183119632687,0.0582954770366696,0.0012317899996599402,0.0625,1.015562813914789
0.13229265289788322,0.03294491169681393,0.10240038641742759,0.022834693718474876,0.0008219480874741009,0.0625,1.0789269743437278
0.158324815051179,0.03160592290761096,0.0386849460819637,0.006373850542641152,0.0008662413355570108,0.0625,1.0851783458369104
0.18771986647685576,0.031285098213861724,0.007264602084299888,0.0011690940059331696,0.00028168545676429956,0.0625,1.0489312442578982
0.2187795256851559,0.031254545619351315,0.001110061488519173,0.00017338879241496108,0.000028528456163446757,0.0625,1.015195753887229
0.2500020826259846,0.0312502677094995,0.00008946867210056602,0.000011453812310587217,0.0000007720153747800917,0.0625,1.0025636790089227
0.2812501425874911,0.03125001680944821,0.000006984199844257977,0.0000008311930470921142,0.000000003482161327043224,0.0625,1.00023512250914
0.3125000080014832,0.03125000091267906,0.0000004182571303003308,0.00000004812759678368556,0.00000000001533095515139202,0.0625,0.9999881335415011
0.34375000012930057,0.031250000015979766,0.000000007924681856595288,0.0000000009660142519965325,0.000000000000010751739563632902,0.0625,0.9999597646763753
0.37500000000022865,0.031250000000027846,0.000000000023190332371708272,0.0000000000027897787268150523,0.000000000000000003620933077676312,0.0625,0.9999577529514213
0.40625,0.03125,0.0000000000000861346236980987,0.00000000000000964658119688225,0.0000000000000000000007707364282511288,0.0625,0.9917919201209388
0.4375,0.03125,0.00000000000000005273612969610858,0.00000000000000000575815966402155,0.0000000000000000000000000061205253697951345,0.0625,0.9125139203727642
0.46875,0.03125,0.000000000000000000013621021914228115,0.0000000000000000000014262349987459326,0.0000000000000000000000000000000002584957052242232,0.04336660960616551,0.7477416890017257
-0.5,0.0625,-0.000000000000000000000001598864095949438,0.0000000000000000000000003389324012187114,0.0000000000000000000000000000000000000000218575710522833,0.04336660960616551,0.7477416890017254
-0.46875,0.0625,-0.000000000000000000008420252999217101,0.000000000000000000001738614999456265,0.0000000000000000000000000000000002692248549517377,0.0625,0.9125139202709976
-0.4375,0.0625,-0.00000000000000003178021128786317,0.0000000000000000068318399287767624,0.0000000000000000000000000027681255760196636,0.0625,0.9917919134644775
-0.40625,0.0625,-0.000000000000051280833762161686,0.00000000000001134355451924275,0.00000000000000000000037198810485160966,0.0625,0.9999576176032188
-0.37500000000012884,0.06250000000002934,-0.000000000013560854299272635,0.0000000000030772019150589363,0.000000000000000001802001906995728,0.0625,0.9999577145694436
-0.3437500000739812,0.06250000001757657,-0.000000004577123333041623,0.0000000010728419117140562,0.000000000000005173098974897421,0.0625,0.9999591501357229
-0.31250000488985874,0.0625000010979713,-0.00000025571632746441523,0.00000005786855772379247,0.000000000007118224760542826,0.0625,0.9999787375678487
-0.2812500917085048,0.06250002144875298,-0.000004488645734774736,0.0000010610062341626145,0.000000001591257659568111,0.0625,1.0001538226181683
-0.25000125403271006,0.06250032262955851,-0.00005497241361456883,0.000014126676491329492,0.00000033991784138796406,0.0625,1.0017518596678117
-0.21876635358979485,0.06250494345166127,-0.0006226651739920789,0.00018944651529533826,0.000014539346482022553,0.0625,1.0109506143981462
-0.18762926357060603,0.0625449335779053,-0.004435395196568195,0.0015579933935500165,0.00017080081351363602,0.0625,1.0384823204541576
-0.15741255249655872,0.0629589848797812,-0.024666632004028008,0.009760777895418864,0.0007054214942773087,0.0625,1.076435396286554
-0.12956049554713905,0.06478437315282623,-0.06940317620184641,0.034566876055787434,0.0008497222253106204,0.0625,1.0863264496730036
-0.10314089040545948,0.0688047537071545,-0.12151801517697501,0.0811226355140614,0.0008589279484165075,0.0625,1.0503866342586434
-0.07463541822534812,0.07463541822534814,-0.1571988321706457,0.15719883217064573,0.001759948698337419,0.0625,0.9805512051485372
-0.03832316982311498,0.0776983574299345,-0.08263395978734932,0.18796503657026636,0.2949080006837892,0.040762180107687875,0.8463455724314675
-0.000000000000000002346066217901461,0.07953895003502835,0.00000000000000006089071769237964,0.21233228642404228,0.2865970439024982,0.04182883210968534,0.8037316206561944
0.03832316982311497,0.07769835742993461,0.08263395978734905,0.18796503657026695,0.2949080006837893,0.040762180107687875,0.846345572431468
0.07463541822534814,0.07463541822534814,0.15719883217064576,0.1571988321706457,0.0017599486983374253,0.0625,0.9805512051485374
0.10314089040545947,0.0688047537071545,0.12151801517697484,0.08112263551406136,0.0008589279484165062,0.0625,1.0503866342586439
0.12956049554713905,0.06478437315282623,0.06940317620184643,0.034566876055787454,0.0008497222253106255,0.0625,1.0863264496730043
0.15741255249655872,0.0629589848797812,0.02466663200402801,0.00976077789541887,0.0007054214942773099,0.0625,1.0764353962865538
0.18762926357060603,0.0625449335779053,0.004435395196568196,0.0015579933935500189,0.00017080081351363602,0.0625,1.0384823204541573
0.21876635358979485,0.06250494345166127,0.0006226651739920853,0.00018944651529534108,0.000014539346482022627,0.0625,1.0109506143981464
0.25000125403271006,0.06250032262955851,0.00005497241361456884,0.00001412667649132949,0.0000003399178413879639,0.0625,1.0017518596678117
0.2812500917085048,0.06250002144875298,0.0000044886457347747325,0.0000010610062341626145,0.0000000015912576595681053,0.0625,1.0001538226181685
0.31250000488985874,0.0625000010979713,0.0000002557163274546012,0.000000057868557723566667,0.0000000000071182247605439225,0.0625,0.9999787375678487
0.3437500000739812,0.06250000001757657,0.00000000457712333297947,0.0000000010728419117117626,0.0000000000000051730989748976506,0.0625,0.9999591501357229
0.37500000000012884,0.06250000000002934,0.00000000001356085429927972,0.0000000000030772019150587505,0.000000000000000001802001906995512,0.0625,0.9999577145694434
0.40625,0.0625,0.00000000000005129298215113337,0.000000000000011346279685171742,0.0000000000000000000003735131532672958,0.0625,0.9917919181244289
0.4375,0.0625,0.00000000000000003182939397329118,0.000000000000000006843260956091768,0.0000000000000000000000000028828730616571684,0.0625,0.912513920340175
0.46875,0.0625,0.000000000000000000008398452111708881,0.0000000000000000000017337661497572547,0.0000000000000000000000000000000001244371993141031,0.0433666096061655,0.7477416890017257
-0.5,0.09375,-0.0000000000000000000000006864154287260673,0.0000000000000000000000002142812083666689,0.000000000000000000000000000000000000000006212025650945309,0.04336660960616551,0.7477416890017254
-0.46875,0.09375,-0.000000000000000000003704786357933541,0.0000000000000000000011219488721285473,0.00000000000000000000000000000000007562472510483114,0.0625,0.9125139202709378
-0.4375,0.09375,-0.00000000000000001348290699947237,0.000000000000000004240390940165232,0.0000000000000000000000000007472709883429297,0.0625,0.9917919134312188
-0.40625,0.09375,-0.000000000000021162936845474956,0.000000000000006879739427510795,0.0000000000000000000001060031121370795,0.0625,0.9999576154763548
-0.37500000000004746,0.09375000000001606,-0.0000000000056211353387470884,0.0000000000018016910509050034,0.0000000000000000005484781629617292,0.0625,0.999957672059761
-0.3437500000290191,0.09375000000984426,-0.0000000018279186649903437,0.0000000006112112712254428,0.0000000000000014820044536392175,0.0625,0.9999584933820556
-0.31250000212238205,0.09375000069929784,-0.00000011136376449422076,0.00000003686888033712346,0.0000000000018700768870786778,0.0625,0.999969070411551
-0.2812500437042489,0.0937500151261503,-0.0000021423609029935615,0.0000007478654836731509,0.0000000004692594417687552,0.0625,1.0000671606076497
-0.25000056132398085,0.09375021499761887,-0.000025371085427213634,0.000009729755061197785,0.00000009308507005864272,0.0625,1.0009206869550786
-0.21875627482353266,0.09375272120352587,-0.0002458929780404272,0.00010652943668674327,0.0000045515861974090995,0.0625,1.0062041423760069
-0.18755345012000174,0.09377784722850821,-0.001868007676852025,0.0009826704491930319,0.00006978148128008702,0.0625,1.0247500837033374
-0.15664410310785887,0.09400181533977223,-0.010566421359198302,0.0067383935137985155,0.0004192709206262431,0.0625,1.059148320103566
-0.12696674339482858,0.09525710663269568,-0.03602314297807879,0.027626171830882642,0.0009124225229744804,0.0625,1.0860407293434262
-0.09839268271730901,0.09839268271730903,-0.06762331079023633,0.06762331079023642,0.000917540082431598,0.0625,1.0808199133784655
-0.0688047537071545,0.10314089040545948,-0.0811226355140616,0.121518015176975,0.0008589279484165057,0.0625,1.050386634258644
-0.03578646233492035,0.10756574225143256,-0.05829547703666823,0.17618311963268607,0.0012317899996599339,0.0625,1.0155628139147896
0.0000000000000000057595852827786794,0.1094300825216643,0.00000000000000008612631159224423,0.20315068645400292,0.0014364435626746219,0.0625,1.0009165481399382
0.03578646233492035,0.10756574225143256,0.0582954770366682,0.17618311963268585,0.0012317899996599298,0.0625,1.0155628139147894
0.0688047537071545,0.10314089040545947,0.08112263551406157,0.1215180151769748,0.0008589279484165049,0.0625,1.0503866342586436
0.09839268271730903,0.09839268271730903,0.06762331079023637,0.06762331079023645,0.0009175400824316003,0.0625,1.0808199133784653
0.12696674339482858,0.09525710663269568,0.03602314297807878,0.027626171830882635,0.0009124225229744823,0.0625,1.0860407293434267
0.15664410310785887,0.09400181533977223,0.010566421359198294,0.006738393513798518,0.0004192709206262433,0.0625,1.0591483201035654
0.18755345012000174,0.09377784722850821,0.0018680076768520253,0.0009826704491930351,0.00006978148128008694,0.0625,1.0247500837033374
0.21875627482353266,0.09375272120352587,0.0002458929780404294,0.00010652943668674477,0.000004551586197409118,0.0625,1.0062041423760069
0.25000056132398085,0.09375021499761887,0.00002537108542721362,0.000009729755061197786,0.00000009308507005864264,0.0625,1.0009206869550784
0.2812500437042489,0.0937500151261503,0.000002142360902993561,0.0000007478654836731515,0.0000000004692594417687541,0.0625,1.0000671606076497
0.31250000212238205,0.09375000069929784,0.00000011136376449209545,0.000000036868880337053043,0.0000000000018700768870788066,0.0625,0.9999690704115513
0.3437500000290191,0.09375000000984426,0.0000000018279186649777434,0.0000000006112112712247918,0.000000000000001482004453639241,0.0625,0.999958493382056
0.37500000000004746,0.09375000000001606,0.0000000000056211353387485004,0.0000000000018016910509050793,0.0000000000000000005484781629616744,0.0625,0.999957672059761
0.40625,0.09375,0.000000000000021167520694321973,0.000000000000006881248534443049,0.0000000000000000000001064376962248025,0.0625,0.9917919159975651
0.4375,0.09375,0.000000000000000013500876347597643,0.000000000000000004246473905202933,0.0000000000000000000000000007782477161336596,0.0625,0.9125139203069162
0.46875,0.09375,0.000000000000000000003696511683550717,0.0000000000000000000011192822022892883,0.000000000000000000000000000000000034967426821243773,0.04336660960616551,0.7477416890017257
-0.5,0.125,-0.00000000000000000000000020159908874705504,0.00000000000000000000000008179466246961055,0.0000000000000000000000000000000000000000009700744766139459,0.043366609606165514,0.7477416890017256
-0.46875,0.125,-0.0000000000000000000011379815743657844,0.0000000000000000000004462464595110431,0.000000000000000000000000000000000011769115115689693,0.0625,0.9125139202708988
-0.4375,0.125,-0.000000000000000003928602646717719,0.000000000000000001592562632021084,0.00000000000000000000000000010893225299007427,0.0625,0.9917919134092951
-0.40625,0.125,-0.000000000000005863220706181237,0.000000000000002467908695974879,0.000000000000000000000016760566264193575,0.0625,0.999957613977573
-0.3750000000000075,0.1250000000000014,-0.0000000000016435589827862613,0.0000000000006715744770747682,0.00000000000000000009822013383204515,0.0625,0.9999576401343204
-0.3437500000076961,0.12500000000332182,-0.0000000005004145735544007,0.00000000021268948326702622,0.000000000000000246664352443207,0.0625,0.9999580176983923
-0.31250000063803557,0.1250000002734472,-0.000000033897834959038526,0.00000001452593387392359,0.000000000000266226551086811,0.0625,0.9999625391908284
-0.28125001507482933,0.12500000686967902,-0.0000007441867641904238,0.0000003405394959319058,0.00000000007952092379184278,0.0625,1.0000055327982997
-0.25000018881537217,0.12500009575475926,-0.000008841177844960581,0.000004486226533871087,0.000000015112171753199185,0.0625,1.0003552260833504
-0.2187518985086753,0.1250010893103947,-0.00007983803606052237,0.000045830590555660444,0.0000008999210323501011,0.0625,1.002670988173036
-0.18751543486882463,0.12501027344555493,-0.0005710131690267511,0.00038005528916194354,0.000017654867899770698,0.0625,1.0122684758805454
-0.15633427687668555,0.1250685488230298,-0.002854169643720138,0.0023351525630483367,0.0001467834466072359,0.0625,1.0356527662780524
-0.12548678100874827,0.12548678100874827,-0.012133121894900553,0.012133121894900449,0.0005500142376061909,0.0625,1.0667067258584098
-0.09525710663269568,0.12696674339482858,-0.027626171830882586,0.03602314297807863,0.0009124225229744789,0.0625,1.0860407293434267
-0.06478437315282623,0.12956049554713903,-0.03456687605578708,0.06940317620184593,0.0008497222253106169,0.0625,1.0863264496730043
-0.032944911696813926,0.1322926528978832,-0.022834693718474935,0.10240038641742741,0.0008219480874741006,0.0625,1.0789269743437273
-0.0000000000000000009277848534501372,0.1333697412024965,-0.00000000000000003924866532919105,0.11624589030169992,0.0009638169288775659,0.0625,1.0752575856526356
0.032944911696813926,0.13229265289788322,0.022834693718474918,0.10240038641742746,0.000821948087474105,0.0625,1.0789269743437273
0.06478437315282623,0.12956049554713903,0.034566876055787114,0.06940317620184598,0.0008497222253106216,0.0625,1.086326449673004
0.09525710663269568,0.12696674339482858,0.027626171830882607,0.03602314297807865,0.0009124225229744804,0.0625,1.086040729343427
0.12548678100874827,0.12548678100874827,0.012133121894900558,0.012133121894900454,0.0005500142376061915,0.0625,1.06670672585841
0.15633427687668555,0.1250685488230298,0.002854169643720133,0.002335152563048338,0.00014678344660723578,0.0625,1.0356527662780524
0.18751543486882463,0.12501027344555493,0.0005710131690267534,0.000380055289161946,0.0000176548678997707,0.0625,1.0122684758805454
0.2187518985086753,0.1250010893103947,0.00007983803606052234,0.00004583059055566045,0.0000008999210323501011,0.0625,1.0026709881730353
0.25000018881537217,0.12500009575475926,0.000008841177844960576,0.000004486226533871086,0.000000015112171753199168,0.0625,1.0003552260833506
0.28125001507482933,0.12500000686967902,0.0000007441867641904238,0.00000034053949593190594,0.00000000007952092379184272,0.0625,1.0000055327982993
0.31250000063803557,0.1250000002734472,0.000000033897834958804083,0.000000014525933873913754,0.0000000000002662265510868199,0.0625,0.9999625391908287
0.3437500000076961,0.12500000000332182,0.00000000050041457355308,0.00000000021268948326694107,0.0000000000000002466643524432067,0.0625,0.9999580176983923
0.3750000000000075,0.1250000000000014,0.0000000000016435589827863605,0.0000000000006715744770748677,0.00000000000000000009822013383203739,0.0625,0.9999576401343202
0.40625,0.125,0.000000000000005864341998058086,0.000000000000002468387209837103,0.000000000000000000000016829280185913926,0.0625,0.9917919144987833
0.4375,0.125,0.00000000000000000393282358651696,0.0000000000000000015943992746873596,0.00000000000000000000000000011344783726712245,0.0625,0.9125139202849927
0.46875,0.125,0.0000000000000000000011359207131078463,0.00000000000000000000044540045713430805,0.000000000000000000000000000000000005444246641202294,0.04336660960616551,0.7477416890017257
-0.5,0.15625,-0.00000000000000000000000003877828317654126,0.000000000000000000000000019010027560691377,0.00000000000000000000000000000000000000000007367961660808491,0.04336660960616551,0.7477416890017254
-0.46875,0.15625,-0.0000000000000000000002361006664270504,0.0000000000000000000001116749828034212,0.0000000000000000000000000000000000009241521078781383,0.0625,0.9125139202708821
-0.4375,0.15625,-0.0000000000000000007620951832439041,0.0000000000000000003698375068393637,0.000000000000000000000000000007618154693791191,0.0625,0.9917919133992529
-0.40625,0.15625,-0.0000000000000010454437694381756,0.0000000000000005275888492726335,0.0000000000000000000000013203428603544717,0.0625,0.999957613226734
-0.375,0.15625,-0.00000000000032490646345474056,0.00000000000016050021124210065,0.000000000000000000009578071628515365,0.0625,0.9999576226098462
-0.3437500000013108,0.15625000000068195,-0.00000000009037762217694913,0.00000000004631386716075835,0.000000000000000022518211706586235,0.0625,0.9999577614193418
-0.31250000012741536,0.15625000006665304,-0.00000000699762474278604,0.0000000036450612414719596,0.000000000000019415929119250186,0.0625,0.999959328529098
-0.2812500035939043,0.15625000202919245,-0.0000001808873469345753,0.00000010208774579399137,0.000000000006865538517380152,0.0625,0.9999740175409905
-0.2500000474942133,0.15625002993700673,-0.0000022866132919065094,0.0000014405568871052748,0.0000000011427914764071808,0.0625,1.000084267565974
-0.2187504294635011,0.15625030686356536,-0.000019481079636528643,0.000013914255741848176,0.00000008974978273641134,0.0625,1.0008229252500513
-0.18750322123525415,0.15625267382714747,-0.00013111167576005387,0.00010869594129727925,0.0000023490679386879403,0.0625,1.0043979917181558
-0.1562679940504458,0.1562679940504458,-0.0006577057706214577,0.0006577057706214429,0.000026812336459945964,0.0625,1.0152701296130286
-0.1250685488230298,0.15633427687668555,-0.002335152563048457,0.002854169643720124,0.00014678344660723605,0.0625,1.0356527662780517
-0.09400181533977223,0.15664410310785887,-0.006738393513798591,0.010566421359198224,0.00041927092062624214,0.0625,1.0591483201035654
-0.0629589848797812,0.1574125524965587,-0.009760777895418828,0.02466663200402776,0.000705421494277305,0.0625,1.076435396286554
-0.03160592290761096,0.15832481505117896,-0.0063738505426410574,0.03868494608196325,0.0008662413355570055,0.0625,1.0851783458369104
-0.000000000000000000097243231324693,0.1587591694912829,-0.000000000000000009801193043854222,0.044878294043393045,0.0009463804837816406,0.0625,1.0876810678768938
0.03160592290761096,0.15832481505117896,0.006373850542641057,0.03868494608196329,0.0008662413355570078,0.0625,1.08517834583691
0.0629589848797812,0.1574125524965587,0.009760777895418841,0.024666632004027796,0.0007054214942773065,0.0625,1.0764353962865534
0.09400181533977223,0.15664410310785887,0.0067383935137986,0.010566421359198231,0.00041927092062624225,0.0625,1.0591483201035656
0.1250685488230298,0.15633427687668555,0.002335152563048454,0.00285416964372012,0.00014678344660723597,0.0625,1.035652766278052
0.1562679940504458,0.1562679940504458,0.0006577057706214585,0.0006577057706214439,0.00002681233645994596,0.0625,1.0152701296130282
0.18750322123525415,0.15625267382714747,0.0001311116757600539,0.00010869594129727923,0.000002349067938687941,0.0625,1.004397991718156
0.2187504294635011,0.15625030686356536,0.00001948107963652863,0.000013914255741848169,0.00000008974978273641127,0.0625,1.0008229252500511
0.2500000474942133,0.15625002993700673,0.0000022866132919065072,0.0000014405568871052735,0.0000000011427914764071775,0.0625,1.0000842675659738
0.2812500035939043,0.15625000202919245,0.00000018088734693457527,0.0000001020877457939914,0.0000000000068655385173801546,0.0625,0.99997401754099
0.31250000012741536,0.15625000006665304,0.000000006997624742773764,0.0000000036450612414713545,0.000000000000019415929119250518,0.0625,0.999959328529098
0.3437500000013108,0.15625000000068195,0.0000000000903776221768824,0.000000000046313867160753255,0.00000000000000002251821170658618,0.0625,0.9999577614193413
0.375,0.15625,0.0000000000003249064634547273,0.0000000000001605002112421414,0.00000000000000000000957807162851481,0.0625,0.9999576226098462
0.40625,0.15625,0.0000000000000010456143619917508,0.00000000000000052767639071555195,0.000000000000000000000001325755932243532,0.0625,0.9917919137479448
0.4375,0.15625,0.0000000000000000007627106059126056,0.0000000000000000003701563705095531,0.000000000000000000000000000007933951202590829,0.0625,0.9125139202749502
0.46875,0.15625,0.000000000000000000000235775014031485,0.00000000000000000000011151762332558493,0.0000000000000000000000000000000000004277166505055778,0.0433666096061655,0.7477416890017257
-0.5,0.1875,-0.000000000000000000000000004571572044527548,0.000000000000000000000000002571676619125717,0.0000000000000000000000000000000000000000000022167604287322646,0.04336660960616551,0.7477416890017254
-0.46875,0.1875,-0.00000000000000000000003143785440692549,0.000000000000000000000017096355646640518,0.000000000000000000000000000000000000031976572804586325,0.0625,0.9125139202708781
-0.4375,0.1875,-0.00000000000000000009405281356743481,0.00000000000000000005200067264043069,0.00000000000000000000000000000021727624344647635,0.0625,0.9917919133960129
-0.40625,0.1875,-0.00000000000000011351193915789075,0.00000000000000006490278788245956,0.000000000000000000000000043486355731317706,0.0625,0.999957612956307
-0.375,0.1875,-0.00000000000004028304937774979,0.00000000000002298326233358503,0.0000000000000000000004380773926078066,0.0625,0.9999576154899734
-0.3437500000001202,0.18750000000007355,-0.000000000009833236172955206,0.0000000000058603660298374945,0.0000000000000000010105872404692995,0.0625,0.9999576556830844
-0.3125000000155282,0.18750000000959,-0.000000000910160503196899,0.0000000005607612674343934,0.0000000000000008218779906929281,0.0625,0.9999580980158892
-0.28125000054890326,0.18750000037075593,-0.000000028775557106005095,0.000000019395958665790158,0.0000000000002706143269822385,0.0625,0.9999620724040985
-0.2500000085345977,0.18750000643944031,-0.00000042264697601608736,0.0000003183461581376062,0.00000000003504037902541353,0.0625,0.9999905204345727
-0.2187500761958792,0.18750006535003338,-0.000003637380585951969,0.0000031168516350860515,0.0000000034621551468171394,0.0625,1.00016338394035
-0.1875005034303531,0.1875005034303531,-0.000022611714386761702,0.00002261171438676167,0.00000014231208431335867,0.0625,1.0010734080148178
-0.15625267382714747,0.18750322123525415,-0.00010869594129727931,0.0001311116757600539,0.000002349067938687935,0.0625,1.0043979917181562
-0.12501027344555493,0.18751543486882463,-0.0003800552891620127,0.0005710131690268127,0.000017654867899771037,0.0625,1.012268475880545
-0.09377784722850821,0.18755345012000174,-0.0009826704491931572,0.0018680076768521705,0.00006978148128008796,0.0625,1.0247500837033374
-0.0625449335779053,0.18762926357060603,-0.0015579933935500967,0.004435395196568324,0.00017080081351363678,0.0625,1.0384823204541571
-0.031285098213861724,0.1877198664768558,-0.0011690940059331865,0.007264602084299948,0.000281685456764299,0.0625,1.048931244257898
0.00000000000000000008809291507041588,0.187756226349013,0.0000000000000000003753426125627008,0.008306332391422486,0.00033550989375265284,0.0625,1.052816749422039
0.031285098213861724,0.1877198664768558,0.001169094005933188,0.007264602084299953,0.00028168545676429907,0.0625,1.048931244257898
0.0625449335779053,0.18762926357060603,0.0015579933935500972,0.004435395196568325,0.00017080081351363672,0.0625,1.0384823204541571
0.09377784722850821,0.18755345012000174,0.000982670449193156,0.0018680076768521653,0.0000697814812800878,0.0625,1.0247500837033374
0.12501027344555493,0.18751543486882463,0.00038005528916201277,0.0005710131690268125,0.000017654867899771017,0.0625,1.012268475880545
0.15625267382714747,0.18750322123525415,0.00010869594129727934,0.00013111167576005384,0.000002349067938687937,0.0625,1.004397991718156
0.1875005034303531,0.1875005034303531,0.000022611714386761692,0.00002261171438676166,0.00000014231208431335867,0.0625,1.0010734080148178
0.2187500761958792,0.18750006535003338,0.0000036373805859519667,0.0000031168516350860486,0.0000000034621551468171352,0.0625,1.0001633839403503
0.2500000085345977,0.18750000643944031,0.000000422646976016087,0.000000318346158137606,0.00000000003504037902541338,0.0625,0.9999905204345729
0.28125000054890326,0.18750000037075593,0.0000000287755571060051,0.000000019395958665790168,0.000000000000270614326982241,0.0625,0.9999620724040987
0.3125000000155282,0.18750000000959,0.000000000910160503196604,0.0000000005607612674343753,0.0000000000000008218779906929272,0.0625,0.9999580980158888
0.3437500000001202,0.18750000000007355,0.00000000000983323617295377,0.000000000005860366029837348,0.0000000000000000010105872404692964,0.0625,0.9999576556830844
0.375,0.1875,0.000000000000040283049377745855,0.000000000000022983262333594052,0.0000000000000000000004380773926077871,0.0625,0.9999576154899734
0.40625,0.1875,0.00000000000000011352711146441305,0.00000000000000006491161638977906,0.00000000000000000000000004366463914983661,0.0625,0.9917919134775173
0.4375,0.1875,0.00000000000000000009410544132822543,0.00000000000000000005203138916709324,0.0000000000000000000000000000002262830295124736,0.0625,0.9125139202717105
0.46875,0.1875,0.0000000000000000000000314071073240709,0.000000000000000000000017079988875611242,0.000000000000000000000000000000000000014807370909702058,0.04336660960616551,0.7477416890017257
-0.5,0.21875,-0.00000000000000000000000000029592630297761024,0.00000000000000000000000000018262709437352632,0.000000000000000000000000000000000000000000000020798913408586528,0.043366609606165514,0.7477416890017256
-0.46875,0.21875,-0.00000000000000000000000246804022973548,0.0000000000000000000000014848689760492751,0.0000000000000000000000000000000000000004016767942101532,0.0625,0.9125139202708776
-0.4375,0.21875,-0.000000000000000000006856830410585253,0.00000000000000000000415775054338239,0.0000000000000000000000000000000020919110097778868,0.0625,0.9917919133952914
-0.40625,0.21875,-0.000000000000000007059013187566543,0.00000000000000000434570387749611,0.0000000000000000000000000004947631677433824,0.0625,0.9999576128873227
-0.375,0.21875,-0.0000000000000028317143099979166,0.0000000000000017910889335096566,0.000000000000000000000007616009048109942,0.0625,0.9999576133802044
-0.34375,0.21875,-0.0000000000005548334896986763,0.0000000000003683988868000346,0.00000000000000000001864858250545429,0.0625,0.9999576222638449
-0.31250000000096295,0.2187500000006807,-0.00000000006371530576246287,0.000000000045009281407879154,0.00000000000000001520309987952451,0.0625,0.9999577224593672
-0.2812500000476823,0.2187500000374741,-0.000000002690006033010522,0.0000000021119913873742835,0.000000000000005120715642179853,0.0625,0.9999585883323197
-0.25000000098429925,0.21875000086588756,-0.00000005090767518074077,0.000000044728678812432465,0.0000000000007792534859624923,0.0625,0.9999647364650308
-0.21875001021591875,0.21875001021591875,-0.0000005037172261245479,0.0000005037172261245469,0.000000000055285943916890936,0.0625,0.9999988879424041
-0.18750006535003338,0.2187500761958792,-0.000003116851635086066,0.000003637380585951973,0.0000000034621551468171464,0.0625,1.0001633839403505
-0.15625030686356536,0.2187504294635011,-0.000013914255741848232,0.000019481079636528656,0.00000008974978273641093,0.0625,1.0008229252500513
-0.1250010893103947,0.2187518985086753,-0.000045830590555660526,0.0000798380360605224,0.0000008999210323500909,0.0625,1.0026709881730358
-0.09375272120352587,0.21875627482353266,-0.00010652943668678052,0.0002458929780404834,0.000004551586197409557,0.0625,1.0062041423760066
-0.06250494345166127,0.21876635358979485,-0.0001894465152954087,0.0006226651739922374,0.00001453934648202417,0.0625,1.0109506143981457
-0.031254545619351315,0.2187795256851559,-0.00017338879241500347,0.0011100614885193646,0.000028528456163449074,0.0625,1.0151957538872287
-0.000000000000000000001898353341209558,0.2187858842361643,-0.00000000000000000012280144915370717,0.0013431788253877941,0.000035792640057131406,0.0625,1.0169111186062483
0.031254545619351315,0.2187795256851559,0.0001733887924150034,0.0011100614885193648,0.00002852845616344908,0.0625,1.015195753887229
0.06250494345166127,0.21876635358979485,0.00018944651529540884,0.0006226651739922382,0.000014539346482024188,0.0625,1.010950614398146
0.09375272120352587,0.21875627482353266,0.00010652943668678071,0.00024589297804048356,0.000004551586197409561,0.0625,1.0062041423760066
0.1250010893103947,0.2187518985086753,0.00004583059055566056,0.0000798380360605224,0.0000008999210323500927,0.0625,1.0026709881730353
0.15625030686356536,0.2187504294635011,0.00001391425574184823,0.000019481079636528653,0.00000008974978273641102,0.0625,1.0008229252500511
0.18750006535003338,0.2187500761958792,0.000003116851635086063,0.0000036373805859519696,0.0000000034621551468171447,0.0625,1.0001633839403503
0.21875001021591875,0.21875001021591875,0.0000005037172261245475,0.0000005037172261245465,0.00000000005528594391689067,0.0625,0.9999988879424039
0.25000000098429925,0.21875000086588756,0.000000050907675180740764,0.00000004472867881243245,0.0000000000007792534859624957,0.0625,0.9999647364650313
0.2812500000476823,0.2187500000374741,0.000000002690006033010521,0.0000000021119913873742823,0.000000000000005120715642179853,0.0625,0.9999585883323194
0.31250000000096295,0.2187500000006807,0.00000000006371530576246023,0.00000000004500928140787889,0.000000000000000015203099879524477,0.0625,0.999957722459367
0.34375,0.21875,0.0000000000005548334896986631,0.0000000000003683988868000321,0.000000000000000000018648582505454213,0.0625,0.9999576222638452
0.375,0.21875,0.0000000000000028317143099974587,0.0000000000000017910889335107993,0.0000000000000000000000076160090481097,0.0625,0.9999576133802046
0.40625,0.21875,0.000000000000000007059734455007208,0.000000000000000004346156312940506,0.0000000000000000000000000004967915778803742,0.0625,0.991791913408533
0.4375,0.21875,0.000000000000000000006859222628349776,0.0000000000000000000041592566370672666,0.0000000000000000000000000000000021786273316990635,0.0625,0.9125139202709888
0.46875,0.21875,0.0000000000000000000000024664984916897737,0.0000000000000000000000014840464318912758,0.0000000000000000000000000000000000000001860988991112281,0.04336660960616551,0.7477416890017257
-0.5,0.25,-0.000000000000000000000000000008757458512400771,0.000000000000000000000000000005679760727913466,0.00000000000000000000000000000000000000000000000004709727379699224,0.04336660960616551,0.7477416890017254
-0.46875,0.25,-0.00000000000000000000000009858759539755105,0.00000000000000000000000006318888110496006,0.0000000000000000000000000000000000000000013925480346720679,0.0625,0.9125139202708776
-0.4375,0.25,-0.00000000000000000000026139772581331224,0.0000000000000000000001683726498647408,0.0000000000000000000000000000000000051043439616506384,0.0625,0.9917919133951878
-0.40625,0.25,-0.0000000000000000002516918996178411,0.0000000000000000001648150576671615,0.000000000000000000000000000001668092487318993,0.0625,0.9999576128753458
-0.375,0.25,-0.00000000000000009923640102541417,0.00000000000000006735893140954362,0.00000000000000000000000003894675827238017,0.0625,0.999957612940108
-0.34375,0.25,-0.000000000000015565068267943752,0.000000000000011427082893544764,0.0000000000000000000001203700890535537,0.0625,0.9999576143600035
-0.3125000000000138,0.2500000000000074,-0.0000000000019546965786261237,0.0000000000015600102351647826,0.00000000000000000011480266510906908,0.0625,0.9999576321560195
-0.28125000000199335,0.25000000000178757,-0.00000000012810013796679588,0.00000000011485521750738172,0.0000000000000000440895465241461,0.0625,0.9999577858455417
-0.2500000000619457,0.2500000000619457,-0.0000000034613872480493184,0.0000000034613872480493205,0.000000000000008300393940283406,0.0625,0.9999588404084699
-0.21875000086588756,0.25000000098429925,-0.00000004472867881243261,0.00000005090767518074095,0.0000000000007792534859625435,0.0625,0.9999647364650313
-0.18750000643944031,0.2500000085345977,-0.0000003183461581376108,0.0000004226469760160909,0.000000000035040379025416005,0.0625,0.9999905204345733
-0.15625002993700673,0.2500000474942133,-0.0000014405568871052985,0.000002286613291906533,0.0000000011427914764071978,0.0625,1.0000842675659738
-0.12500009575475926,0.25000018881537217,-0.000004486226533871157,0.00000884117784496066,0.000000015112171753199105,0.0625,1.0003552260833506
-0.09375021499761887,0.25000056132398085,-0.00000972975506119788,0.000025371085427213756,0.00000009308507005864142,0.0625,1.0009206869550784
-0.06250032262955851,0.25000125403271006,-0.000014126676491329576,0.000054972413614568954,0.0000003399178413879592,0.0625,1.0017518596678117
-0.0312502677094995,0.2500020826259846,-0.000011453812310592728,0.00008946867210059639,0.0000007720153747803907,0.0625,1.0025636790089234
-0.00000000000000000000012590834625812346,0.250002481553345,-0.000000000000000000010280693523898556,0.00010578003785828532,0.0000010280113966845043,0.0625,1.002906941503249
0.0312502677094995,0.2500020826259846,0.000011453812310592724,0.00008946867210059645,0.0000007720153747803918,0.0625,1.0025636790089227
0.06250032262955851,0.25000125403271006,0.000014126676491329588,0.00005497241361456902,0.0000003399178413879602,0.0625,1.0017518596678117
0.09375021499761887,0.25000056132398085,0.00000972975506119789,0.00002537108542721376,0.00000009308507005864171,0.0625,1.0009206869550786
0.12500009575475926,0.25000018881537217,0.000004486226533871157,0.000008841177844960654,0.000000015112171753199132,0.0625,1.0003552260833501
0.15625002993700673,0.2500000474942133,0.000001440556887105296,0.00000228661329190653,0.0000000011427914764071966,0.0625,1.000084267565974
0.18750000643944031,0.2500000085345977,0.00000031834615813761054,0.0000004226469760160905,0.00000000003504037902541577,0.0625,0.9999905204345733
0.21875000086588756,0.25000000098429925,0.000000044728678812432604,0.000000050907675180740936,0.0000000000007792534859625443,0.0625,0.999964736465031
0.2500000000619457,0.2500000000619457,0.0000000034613872480493197,0.00000000346138724804932,0.000000000000008300393940283414,0.0625,0.9999588404084699
0.28125000000199335,0.25000000000178757,0.00000000012810013796679577,0.00000000011485521750738159,0.00000000000000004408954652414603,0.0625,0.999957785845542
0.3125000000000138,0.2500000000000074,0.0000000000019546965786261076,0.0000000000015600102351647757,0.00000000000000000011480266510906867,0.0625,0.9999576321560192
0.34375,0.25,0.000000000000015565068267943635,0.000000000000011427082893544694,0.00000000000000000000012037008905355314,0.0625,0.9999576143600039
0.375,0.25,0.00000000000000009923640102538707,0.00000000000000006735893140962092,0.00000000000000000000000003894675827237969,0.0625,0.9999576129401082
0.40625,0.25,0.0000000000000000002517085751143621,0.00000000000000000016482603427077806,0.0000000000000000000000000000016749312687201338,0.0625,0.9917919133965557
0.4375,0.25,0.00000000000000000000026144624244081487,0.00000000000000000000016840449411081062,0.0000000000000000000000000000000000053159351574193886,0.0625,0.9125139202708852
0.46875,0.25,0.00000000000000000000000009855594575348536,0.00000000000000000000000006317688073517586,0.00000000000000000000000000000000000000000064544080039731114,0.0433666096061655,0.7477416890017257
-0.5,0.28125,-0.00000000000000000000000000000009360329395126081,0.00000000000000000000000000000006192559235855551,0.000000000000000000000000000000000000000000000000000019911975797171672,0.04336660960616551,0.7477416890017254
-0.46875,0.28125,-0.000000000000000000000000001595785663105011,0.0000000000000000000000000010555309120365357,0.0000000000000000000000000000000000000000000009514726861118378,0.0625,0.9125139202708776
-0.4375,0.28125,-0.000000000000000000000004335490739050187,0.0000000000000000000000029010540349400684,0.0000000000000000000000000000000000000020693741616504032,0.0625,0.9917919133951805
-0.40625,0.28125,-0.000000000000000000004127949423253074,0.000000000000000000002849730671163331,0.0000000000000000000000000000000010404808556408215,0.0625,0.9999576128740433
-0.375,0.28125,-0.0000000000000000017039117385103188,0.0000000000000000012525241842429856,0.00000000000000000000000000004625158929339065,0.0625,0.999957612879241
-0.34375,0.28125,-0.00000000000000033299689367520963,0.0000000000000002700705253941723,0.0000000000000000000000002848103225440669,0.0625,0.9999576130302718
-0.3125,0.28125,-0.000000000000030560754359651855,0.00000000000002760183509399861,0.0000000000000000000003552815825503068,0.0625,0.9999576153412807
-0.28125000000002287,0.28125000000002287,-0.000000000002652306726700865,0.0000000000026523067267008632,0.00000000000000000018699635373194487,0.0625,0.9999576372096238
-0.25000000000178757,0.28125000000199335,-0.00000000011485521750738166,0.00000000012810013796679588,0.000000000000000044089546524146125,0.0625,0.9999577858455417
-0.2187500000374741,0.2812500000476823,-0.000000002111991387374277,0.0000000026900060330105166,0.000000000000005120715642179847,0.0625,0.9999585883323197
-0.18750000037075593,0.28125000054890326,-0.00000001939595866579051,0.000000028775557106005465,0.00000000000027061432698230524,0.0625,0.9999620724040985
-0.15625000202919245,0.2812500035939043,-0.00000010208774579399509,0.00000018088734693457955,0.000000000006865538517381645,0.0625,0.99997401754099
-0.12500000686967902,0.28125001507482933,-0.0000003405394959319209,0.0000007441867641904463,0.00000000007952092379185355,0.0625,1.0000055327982997
-0.0937500151261503,0.2812500437042489,-0.0000007478654836731828,0.000002142360902993634,0.0000000004692594417687932,0.0625,1.0000671606076492
-0.06250002144875298,0.2812500917085048,-0.0000010610062341626547,0.000004488645734774854,0.0000000015912576595681837,0.0625,1.000153822618169
-0.03125001680944821,0.2812501425874911,-0.000000831193047092143,0.000006984199844258147,0.000000003482161327043321,0.0625,1.0002351225091393
0.000000000000000000000006516896804534485,0.28125016527674435,0.00000000000000000000011508567345114712,0.000008101813123248156,0.000000004769245174659086,0.0625,1.0002692850896329
0.03125001680944821,0.2812501425874911,0.0000008311930470921432,0.000006984199844258144,0.000000003482161327043321,0.0625,1.0002351225091397
0.06250002144875298,0.2812500917085048,0.000001061006234162655,0.00000448864573477485,0.000000001591257659568182,0.0625,1.000153822618169
0.0937500151261503,0.2812500437042489,0.0000007478654836731826,0.0000021423609029936318,0.000000000469259441768792,0.0625,1.0000671606076499
0.12500000686967902,0.28125001507482933,0.00000034053949593192055,0.0000007441867641904453,0.00000000007952092379185313,0.0625,1.0000055327982997
0.15625000202919245,0.2812500035939043,0.000000102087745793995,0.00000018088734693457934,0.000000000006865538517381591,0.0625,0.9999740175409899
0.18750000037075593,0.28125000054890326,0.000000019395958665790505,0.00000002877555710600546,0.0000000000002706143269823049,0.0625,0.9999620724040985
0.2187500000374741,0.2812500000476823,0.0000000021119913873742786,0.000000002690006033010518,0.00000000000000512071564217985,0.0625,0.9999585883323194
0.25000000000178757,0.28125000000199335,0.00000000011485521750738162,0.00000000012810013796679577,0.000000000000000044089546524146064,0.0625,0.9999577858455422
0.28125000000002287,0.28125000000002287,0.00000000000265230672670086,0.000000000002652306726700857,0.00000000000000000018699635373194425,0.0625,0.9999576372096247
0.3125,0.28125,0.00000000000003056075435965164,0.000000000000027601835093998382,0.00000000000000000000035528158255030496,0.0625,0.9999576153412814
0.34375,0.28125,0.00000000000000033299689367521,0.00000000000000027007052539417345,0.0000000000000000000000002848103225440671,0.0625,0.9999576130302715
0.375,0.28125,0.0000000000000000017039117385095246,0.0000000000000000012525241842453081,0.00000000000000000000000000004625158929339016,0.0625,0.999957612879241
0.40625,0.28125,0.0000000000000000000041280899004105445,0.000000000000000000002849826146514067,0.0000000000000000000000000000000010447465795821322,0.0625,0.9917919133952534
0.4375,0.28125,0.000000000000000000000004335825836366848,0.0000000000000000000000029012795661868144,0.000000000000000000000000000000000000002155156264588938,0.0625,0.9125139202708776
0.46875,0.28125,0.0000000000000000000000000015957108183842693,0.0000000000000000000000000010557341073366617,0.00000000000000000000000000000000000000000000044113049117084255,0.0433666096061655,0.7477416890017257
-0.5,0.3125,-0.00000000000000000000000000000000029069494970579766,0.00000000000000000000000000000000019370459375802436,0.000000000000000000000000000000000000000000000000000000001428043753086703,0.04336660960616551,0.7477416890017254
-0.46875,0.3125,-0.000000000000000000000000000007755957115268663,0.0000000000000000000000000000052082089237233795,0.00000000000000000000000000000000000000000000000008467670837774575,0.0625,0.9125139202708776
-0.4375,0.3125,-0.00000000000000000000000002648646175336314,0.000000000000000000000000018440940096561132,0.0000000000000000000000000000000000000000001250159563343825,0.0625,0.9917919133951804
-0.40625,0.3125,-0.000000000000000000000029334727261670496,0.000000000000000000000021793513840707802,0.00000000000000000000000000000000000007691751302729526,0.0625,0.9999576128739708
-0.375,0.3125,-0.000000000000000000014134006564984384,0.000000000000000000011542793403593422,0.000000000000000000000000000000009599828520808363,0.0625,0.9999576128741833
-0.34375,0.3125,-0.0000000000000000035190985705706014,0.0000000000000000031836886554427754,0.00000000000000000000000000015589537948395723,0.0625,0.9999576128836706
-0.3125,0.3125,-0.0000000000000004475823724306881,0.0000000000000004475823724306849,0.000000000000000000000000477419662540935,0.0625,0.999957613079447
-0.28125,0.3125,-0.00000000000002760183509399925,0.00000000000003056075435965227,0.0000000000000000000003552815825503103,0.0625,0.9999576153412807
-0.2500000000000074,0.3125000000000138,-0.0000000000015600102351647953,0.0000000000019546965786261277,0.00000000000000000011480266510906995,0.0625,0.999957632156019
-0.2187500000006807,0.31250000000096295,-0.00000000004500928140787892,0.00000000006371530576246028,0.000000000000000015203099879524533,0.0625,0.9999577224593669
-0.18750000000959,0.3125000000155282,-0.0000000005607612674343739,0.0000000009101605031966012,0.0000000000000008218779906929256,0.0625,0.9999580980158892
-0.15625000006665304,0.31250000012741536,-0.000000003645061241471474,0.000000006997624742773948,0.000000000000019415929119258242,0.0625,0.999959328529098
-0.1250000002734472,0.31250000063803557,-0.000000014525933873914804,0.0000000338978349588061,0.00000000000026622655108696384,0.0625,0.9999625391908284
-0.09375000069929784,0.31250000212238205,-0.000000036868880337056736,0.0000001113637644921044,0.0000000000018700768870797445,0.0625,0.999969070411551
-0.0625000010979713,0.31250000488985874,-0.000000057868557723572933,0.0000002557163274546237,0.000000000007118224760546973,0.0625,0.9999787375678484
-0.03125000091267906,0.3125000080014832,-0.00000004812759678369116,0.0000004182571303003674,0.000000000015330955151397907,0.0625,0.9999881335415008
-0.00000000000000000000000021045850135168273,0.3125000094157913,-0.000000000000000000000013963562926269887,0.000000492218562740507,0.000000000019695705863059956,0.0625,0.9999921118183177
0.03125000091267906,0.3125000080014832,0.000000048127596783691145,0.0000004182571303003675,0.000000000015330955151397907,0.0625,0.9999881335415008
0.0625000010979713,0.31250000488985874,0.00000005786855772357293,0.0000002557163274546238,0.000000000007118224760546978,0.0625,0.9999787375678484
0.09375000069929784,0.31250000212238205,0.00000003686888033705674,0.00000011136376449210447,0.000000000001870076887079747,0.0625,0.999969070411551
0.1250000002734472,0.31250000063803557,0.000000014525933873914816,0.00000003389783495880612,0.0000000000002662265510869643,0.0625,0.9999625391908284
0.15625000006665304,0.31250000012741536,0.0000000036450612414714757,0.000000006997624742773959,0.000000000000019415929119258267,0.0625,0.9999593285290977
0.18750000000959,0.3125000000155282,0.0000000005607612674343741,0.0000000009101605031966018,0.0000000000000008218779906929264,0.0625,0.9999580980158892
0.2187500000006807,0.31250000000096295,0.00000000004500928140787893,0.00000000006371530576246028,0.000000000000000015203099879524524,0.0625,0.9999577224593669
0.2500000000000074,0.3125000000000138,0.0000000000015600102351647894,0.000000000001954696578626122,0.00000000000000000011480266510906951,0.0625,0.9999576321560192
0.28125,0.3125,0.00000000000002760183509399904,0.00000000000003056075435965201,0.00000000000000000000035528158255030834,0.0625,0.9999576153412809
0.3125,0.3125,0.0000000000000004475823724306886,0.0000000000000004475823724306853,0.0000000000000000000000004774196625409349,0.0625,0.999957613079447
0.34375,0.3125,0.000000000000000003519098570570598,0.0000000000000000031836886554427777,0.00000000000000000000000000015589537948395718,0.0625,0.9999576128836706
0.375,0.3125,0.000000000000000000014134006564975937,0.000000000000000000011542793403618416,0.000000000000000000000000000000009599828520808315,0.0625,0.999957612874183
0.40625,0.3125,0.000000000000000000000029335062999793014,0.000000000000000000000021793754035566367,0.00000000000000000000000000000000000007723285653964719,0.0625,0.9917919133951811
0.4375,0.3125,0.00000000000000000000000002648718076567005,0.000000000000000000000000018441452577232615,0.00000000000000000000000000000000000000000013019826307741123,0.0625,0.9125139202708776
0.46875,0.3125,0.000000000000000000000000000007758286013639598,0.000000000000000000000000000005212464103210471,0.000000000000000000000000000000000000000000000000039265581097638585,0.04336660960616551,0.7477416890017257
-0.5,0.34375,-0.00000000000000000000000000000000000016212225437874335,0.0000000000000000000000000000000000001084791630001495,0.000000000000000000000000000000000000000000000000000000000000009041388963109252,0.043366609606165514,0.7477416890017256
-0.46875,0.34375,-0.00000000000000000000000000000000854877191686854,0.000000000000000000000000000000005857898422711961,0.0000000000000000000000000000000000000000000000000000008307983773431028,0.0625,0.9125139202708776
-0.4375,0.34375,-0.00000000000000000000000000006198969339611235,0.0000000000000000000000000000455494543045004,0.000000000000000000000000000000000000000000000002894463407301315,0.0625,0.9917919133951801
-0.40625,0.34375,-0.00000000000000000000000009209647609543398,0.00000000000000000000000007535249939091302,0.0000000000000000000000000000000000000000010653262485402556,0.0625,0.9999576128739702
-0.375,0.34375,-0.00000000000000000000006082689236457027,0.00000000000000000000005515482130545783,0.0000000000000000000000000000000000002803342868307226,0.0625,0.9999576128739724
-0.34375,0.34375,-0.000000000000000000019122933338212834,0.000000000000000000019122933338212792,0.00000000000000000000000000000001664095156219772,0.0625,0.9999576128742657
-0.3125,0.34375,-0.000000000000000003183688655442777,0.0000000000000000035190985705705975,0.00000000000000000000000000015589537948395707,0.0625,0.9999576128836711
-0.28125,0.34375,-0.00000000000000027007052539419115,0.0000000000000003329968936752273,0.0000000000000000000000002848103225440764,0.0625,0.9999576130302715
-0.25,0.34375,-0.000000000000011427082893545518,0.00000000000001556506826794462,0.0000000000000000000001203700890535587,0.0625,0.9999576143600035
-0.21875,0.34375,-0.0000000000003683988868000428,0.0000000000005548334896986777,0.000000000000000000018648582505454733,0.0625,0.9999576222638452
-0.18750000000007355,0.3437500000001202,-0.000000000005860366029837383,0.000000000009833236172953825,0.0000000000000000010105872404693137,0.0625,0.9999576556830844
-0.15625000000068195,0.3437500000013108,-0.000000000046313867160753203,0.00000000009037762217688235,0.000000000000000022518211706586386,0.0625,0.9999577614193413
-0.12500000000332182,0.3437500000076961,-0.00000000021268948326694027,0.0000000005004145735530787,0.0000000000000002466643524432078,0.0625,0.9999580176983925
-0.09375000000984426,0.3437500000290191,-0.0000000006112112712248727,0.0000000018279186649778648,0.000000000000001482004453639678,0.0625,0.999958493382056
-0.06250000001757657,0.3437500000739812,-0.0000000010728419117121125,0.0000000045771233329803054,0.000000000000005173098974901176,0.0625,0.9999591501357225
-0.031250000015979766,0.34375000012930057,-0.0000000009660142519969695,0.000000007924681856597414,0.000000000000010751739563642763,0.0625,0.9999597646763758
-0.000000000000000000000000011965690923609552,0.3437500001555969,-0.000000000000000000000000967638795055029,0.000000009509322073517971,0.000000000000013673701458397346,0.0625,0.9999600209128429
0.031250000015979766,0.34375000012930057,0.0000000009660142519969689,0.00000000792468185659742,0.000000000000010751739563642774,0.0625,0.999959764676375
0.06250000001757657,0.3437500000739812,0.0000000010728419117121133,0.00000000457712333298031,0.000000000000005173098974901183,0.0625,0.9999591501357231
0.09375000000984426,0.3437500000290191,0.0000000006112112712248738,0.0000000018279186649778675,0.0000000000000014820044536396802,0.0625,0.9999584933820558
0.12500000000332182,0.3437500000076961,0.00000000021268948326694065,0.0000000005004145735530793,0.00000000000000024666435244320833,0.0625,0.9999580176983923
0.15625000000068195,0.3437500000013108,0.000000000046313867160753255,0.0000000000903776221768824,0.00000000000000002251821170658639,0.0625,0.9999577614193413
0.18750000000007355,0.3437500000001202,0.000000000005860366029837382,0.000000000009833236172953815,0.0000000000000000010105872404693118,0.0625,0.9999576556830844
0.21875,0.34375,0.00000000000036839888680004086,0.000000000000554833489698675,0.000000000000000000018648582505454643,0.0625,0.9999576222638452
0.25,0.34375,0.000000000000011427082893545417,0.000000000000015565068267944484,0.00000000000000000000012037008905355803,0.0625,0.9999576143600036
0.28125,0.34375,0.00000000000000027007052539419106,0.00000000000000033299689367522723,0.0000000000000000000000002848103225440762,0.0625,0.9999576130302718
0.3125,0.34375,0.0000000000000000031836886554427773,0.0000000000000000035190985705705975,0.00000000000000000000000000015589537948395716,0.0625,0.9999576128836708
0.34375,0.34375,0.000000000000000000019122933338212768,0.00000000000000000001912293333821277,0.00000000000000000000000000000001664095156219767,0.0625,0.9999576128742659
0.375,0.34375,0.00000000000000000000006082689236454392,0.00000000000000000000005515482130553537,0.00000000000000000000000000000000000028033428683071983,0.0625,0.9999576128739724
0.40625,0.34375,0.00000000000000000000000009209676783512946,0.00000000000000000000000007535272941749732,0.000000000000000000000000000000000000000001069693832852064,0.0625,0.9917919133951804
0.4375,0.34375,0.00000000000000000000000000006199047403141974,0.00000000000000000000000000004555007242254126,0.0000000000000000000000000000000000000000000000030144480691544746,0.0625,0.9125139202708776
0.46875,0.34375,0.000000000000000000000000000000008558349354561647,0.000000000000000000000000000000005872687356529912,0.0000000000000000000000000000000000000000000000000000003852916463053382,0.04336660960616551,0.7477416890017257
-0.5,0.375,-0.000000000000000000000000000000000000000010173423246332332,0.000000000000000000000000000000000000000006931730594624669,0.000000000000000000000000000000000000000000000000000000000000000000003677129737495839,0.04336660960616551,0.7477416890017254
-0.46875,0.375,-0.0000000000000000000000000000000000016284565753833116,0.0000000000000000000000000000000000011753655304919982,0.0000000000000000000000000000000000000000000000000000000000008043311227726263,0.0625,0.9125139202708776
-0.4375,0.375,-0.000000000000000000000000000000033935254670331154,0.00000000000000000000000000000002726038799906875,0.000000000000000000000000000000000000000000000000000007969496661198404,0.0625,0.9917919133951805
-0.40625,0.375,-0.00000000000000000000000000013334645554708478,0.0000000000000000000000000001204424559025578,0.00000000000000000000000000000000000000000000001031259753082291,0.0625,0.99995761287397
-0.375,0.375,-0.00000000000000000000000012515607242058962,0.0000000000000000000000001251560724205316,0.0000000000000000000000000000000000000000018353645043745094,0.0625,0.9999576128739702
-0.34375,0.375,-0.0000000000000000000000551548213055357,0.00000000000000000000006082689236454424,0.0000000000000000000000000000000000002803342868307233,0.0625,0.9999576128739726
-0.3125,0.375,-0.000000000000000000011542793403618446,0.00000000000000000001413400656497597,0.000000000000000000000000000000009599828520808342,0.0625,0.9999576128741833
-0.28125,0.375,-0.000000000000000001252524184245308,0.0000000000000000017039117385095228,0.00000000000000000000000000004625158929339004,0.0625,0.999957612879241
-0.25,0.375,-0.00000000000000006735893140963024,0.00000000000000009923640102540019,0.000000000000000000000000038946758272383406,0.0625,0.9999576129401083
-0.21875,0.375,-0.000000000000001791088933511073,0.0000000000000028317143099978737,0.000000000000000000000007616009048110557,0.0625,0.9999576133802046
-0.1875,0.375,-0.000000000000022983262333596737,0.0000000000000402830493777505,0.0000000000000000000004380773926078306,0.0625,0.9999576154899734
-0.15625,0.375,-0.00000000000016050021124215441,0.0000000000003249064634547551,0.000000000000000000009578071628515615,0.0625,0.9999576226098463
-0.1250000000000014,0.3750000000000075,-0.0000000000006715744770749073,0.000000000001643558982786462,0.00000000000000000009822013383204456,0.0625,0.999957640134321
-0.09375000000001606,0.37500000000004746,-0.0000000000018016910509051545,0.000000000005621135338748751,0.0000000000000000005484781629617078,0.0625,0.9999576720597612
-0.06250000000002934,0.37500000000012884,-0.000000000003077201915058826,0.000000000013560854299280193,0.0000000000000000018020019069956084,0.0625,0.9999577145694432
-0.031250000000027846,0.37500000000022865,-0.0000000000027897787268151008,0.000000000023190332371708895,0.0000000000000000036209330776764954,0.0625,0.9999577529514215
0.00000000000000000000000000003874084217691537,0.3750000000002761,0.000000000000000000000000002281478937242267,0.000000000027745271613357376,0.000000000000000004556228195389607,0.0625,0.9999577686168007
0.031250000000027846,0.37500000000022865,0.0000000000027897787268151028,0.000000000023190332371708886,0.000000000000000003620933077676494,0.0625,0.9999577529514215
0.06250000000002934,0.37500000000012884,0.0000000000030772019150588264,0.00000000001356085429928017,0.0000000000000000018020019069956057,0.0625,0.9999577145694432
0.09375000000001606,0.37500000000004746,0.0000000000018016910509051512,0.000000000005621135338748738,0.0000000000000000005484781629617066,0.0625,0.999957672059761
0.1250000000000014,0.3750000000000075,0.0000000000006715744770749051,0.0000000000016435589827864544,0.00000000000000000009822013383204421,0.0625,0.9999576401343202
0.15625,0.375,0.00000000000016050021124215363,0.00000000000032490646345475333,0.000000000000000000009578071628515573,0.0625,0.9999576226098463
0.1875,0.375,0.00000000000002298326233359656,0.0000000000000402830493777501,0.0000000000000000000004380773926078274,0.0625,0.9999576154899736
0.21875,0.375,0.0000000000000017910889335110553,0.0000000000000028317143099978484,0.000000000000000000000007616009048110502,0.0625,0.9999576133802046
0.25,0.375,0.00000000000000006735893140963019,0.0000000000000000992364010254001,0.00000000000000000000000003894675827238336,0.0625,0.9999576129401083
0.28125,0.375,0.000000000000000001252524184245308,0.0000000000000000017039117385095234,0.000000000000000000000000000046251589293390093,0.0625,0.999957612879241
0.3125,0.375,0.000000000000000000011542793403618425,0.00000000000000000001413400656497595,0.000000000000000000000000000000009599828520808322,0.0625,0.999957612874183
0.34375,0.375,0.0000000000000000000000551548213055355,0.00000000000000000000006082689236454398,0.00000000000000000000000000000000000028033428683072088,0.0625,0.9999576128739724
0.375,0.375,0.00000000000000000000000012515607242057403,0.00000000000000000000000012515607242057387,0.0000000000000000000000000000000000000000018353645043744683,0.0625,0.9999576128739702
0.40625,0.375,0.00000000000000000000000000013334663219129283,0.00000000000000000000000000012044261095149294,0.000000000000000000000000000000000000000000000010354876728666385,0.0625,0.9917919133951804
0.4375,0.375,0.000000000000000000000000000000033935460599363016,0.000000000000000000000000000000027260580091887743,0.000000000000000000000000000000000000000000000000000008299857501265466,0.0625,0.9125139202708776
0.46875,0.375,0.0000000000000000000000000000000000016340132341901087,0.0000000000000000000000000000000000011837487295286483,0.00000000000000000000000000000000000000000000000000000000000037307592321114056,0.0433666096061655,0.7477416890017257
-0.5,0.40625,-0.00000000000000000000000000000000000000000000012930576094223892,0.00000000000000000000000000000000000000000000009431108112299508,0.00000000000000000000000000000000000000000000000000000000000000000000000000013363791329362254,0.043366609606165514,0.7477416890017256
-0.46875,0.40625,-0.000000000000000000000000000000000000000043410927402295297,0.00000000000000000000000000000000000000003449252460222264,0.00000000000000000000000000000000000000000000000000000000000000000008254403525965493,0.0625,0.9045662495526388
-0.4375,0.40625,-0.000000000000000000000000000000000003655520110225229,0.00000000000000000000000000000000000328178567064817,0.000000000000000000000000000000000000000000000000000000000002836822907232389,0.0625,0.9836262139163905
-0.40625,0.40625,-0.00000000000000000000000000000004727281892784394,0.000000000000000000000000000000047272818923819153,0.00000000000000000000000000000000000000000000000000001396042944393298,0.0625,0.9917919133951804
-0.375,0.40625,-0.00000000000000000000000000012044261095149498,0.00000000000000000000000000013334663219129072,0.000000000000000000000000000000000000000000000010354876728666634,0.0625,0.9917919133951804
-0.34375,0.40625,-0.00000000000000000000000007535272941749883,0.00000000000000000000000009209676783513097,0.0000000000000000000000000000000000000000010696938328521295,0.0625,0.9917919133951801
-0.3125,0.40625,-0.000000000000000000000021793754035566602,0.000000000000000000000029335062999793313,0.00000000000000000000000000000000000007723285653964907,0.0625,0.9917919133951811
-0.28125,0.40625,-0.000000000000000000002849826146514076,0.0000000000000000000041280899004105625,0.0000000000000000000000000000000010447465795821367,0.0625,0.9917919133952532
-0.25,0.40625,-0.00000000000000000016482603427077796,0.000000000000000000251708575114362,0.0000000000000000000000000000016749312687201275,0.0625,0.9917919133965557
-0.21875,0.40625,-0.000000000000000004346156312941378,0.000000000000000007059734455008525,0.0000000000000000000000000004967915778804553,0.0625,0.9917919134085328
-0.1875,0.40625,-0.00000000000000006491161638980015,0.00000000000000011352711146444806,0.000000000000000000000000043664639149848383,0.0625,0.9917919134775173
-0.15625,0.40625,-0.0000000000000005276763907157322,0.000000000000001045614361992103,0.0000000000000000000000013257559322439186,0.0625,0.9917919137479444
-0.125,0.40625,-0.0000000000000024683872098378756,0.000000000000005864341998059968,0.000000000000000000000016829280185918678,0.0625,0.9917919144987829
-0.09375,0.40625,-0.00000000000000688124853444499,0.000000000000021167520694328306,0.00000000000000000000010643769622483166,0.0625,0.9917919159975651
-0.0625,0.40625,-0.000000000000011346279685174692,0.000000000000051292982151147675,0.0000000000000000000003735131532673954,0.0625,0.9917919181244287
-0.03125,0.40625,-0.000000000000009646581196884584,0.00000000000008613462369812158,0.0000000000000000000007707364282513298,0.0625,0.9917919201209385
-0.000000000000000000000000000000019117487416212015,0.40625,-0.0000000000000000000000000000016838164681083143,0.0000000000001021638285303196,0.0000000000000000000009764171368601345,0.0625,0.9917919209507584
0.03125,0.40625,0.00000000000000964658119688458,0.00000000000008613462369812158,0.00000000000000000000077073642825133,0.0625,0.9917919201209385
0.0625,0.40625,0.000000000000011346279685174692,0.00000000000005129298215114769,0.0000000000000000000003735131532673957,0.0625,0.9917919181244285
0.09375,0.40625,0.00000000000000688124853444499,0.00000000000002116752069432831,0.00000000000000000000010643769622483177,0.0625,0.9917919159975651
0.125,0.40625,0.000000000000002468387209837878,0.000000000000005864341998059969,0.000000000000000000000016829280185918698,0.0625,0.9917919144987831
0.15625,0.40625,0.0000000000000005276763907157324,0.0000000000000010456143619921048,0.0000000000000000000000013257559322439206,0.0625,0.9917919137479444
0.1875,0.40625,0.00000000000000006491161638980021,0.00000000000000011352711146444813,0.00000000000000000000000004366463914984844,0.0625,0.9917919134775173
0.21875,0.40625,0.000000000000000004346156312941382,0.000000000000000007059734455008531,0.0000000000000000000000000004967915778804566,0.0625,0.9917919134085328
0.25,0.40625,0.00000000000000000016482603427077808,0.0000000000000000002517085751143621,0.000000000000000000000000000001674931268720129,0.0625,0.9917919133965557
0.28125,0.40625,0.0000000000000000000028498261465140728,0.0000000000000000000041280899004105565,0.0000000000000000000000000000000010447465795821357,0.0625,0.9917919133952532
0.3125,0.40625,0.000000000000000000000021793754035566503,0.000000000000000000000029335062999793184,0.00000000000000000000000000000000000007723285653964842,0.0625,0.9917919133951811
0.34375,0.40625,0.00000000000000000000000007535272941749825,0.00000000000000000000000009209676783513031,0.0000000000000000000000000000000000000000010696938328521042,0.0625,0.9917919133951804
0.375,0.40625,0.00000000000000000000000000012044261095149397,0.00000000000000000000000000013334663219129345,0.000000000000000000000000000000000000000000000010354876728666634,0.0625,0.9917919133951801
0.40625,0.40625,0.000000000000000000000000000000047272845879188415,0.00000000000000000000000000000004727284587918841,0.000000000000000000000000000000000000000000000000000014017899498837598,0.0625,0.9836262139163905
0.4375,0.40625,0.0000000000000000000000000000000000036555324966543536,0.0000000000000000000000000000000000032817984006358735,0.0000000000000000000000000000000000000000000000000000000000029545841612197353,0.0625,0.9045662495526388
0.46875,0.40625,0.000000000000000000000000000000000000000043756866739326236,0.00000000000000000000000000000000000000003501247966143525,0.00000000000000000000000000000000000000000000000000000000000000000003814456153849368,0.0433666096061655,0.7477416890017257
-0.5,0.4375,-0.0000000000000000000000000000000000000000000000000013260496060489148,0.0000000000000000000000000000000000000000000000000010647727728839832,0.0000000000000000000000000000000000000000000000000000000000000000000000000000000000009676195370188741,0.04388775699171928,0.7300889314264679
-0.46875,0.4375,-0.00000000000000000000000000000000000000000000028589248809826676,0.0000000000000000000000000000000000000000000002570253325352221,0.000000000000000000000000000000000000000000000000000000000000000000000000001102789756536923,0.0625,0.8312190986331793
-0.4375,0.4375,-0.00000000000000000000000000000000000000006124675878604366,0.00000000000000000000000000000000000000006124673741181783,0.0000000000000000000000000000000000000000000000000000000000000000001451768289484937,0.0625,0.9045662495526389
-0.40625,0.4375,-0.00000000000000000000000000000000000328179735273175,0.00000000000000000000000000000000000365553129826529,0.000000000000000000000000000000000000000000000000000000000002942305776095233,0.0625,0.9125139202708776
-0.375,0.4375,-0.00000000000000000000000000000002726058009188773,0.00000000000000000000000000000003393546059936296,0.000000000000000000000000000000000000000000000000000008299857501265457,0.0625,0.9125139202708779
-0.34375,0.4375,-0.000000000000000000000000000045550072422542447,0.00000000000000000000000000006199047403142123,0.000000000000000000000000000000000000000000000003014448069154775,0.0625,0.9125139202708776
-0.3125,0.4375,-0.00000000000000000000000001844145257723326,0.00000000000000000000000002648718076567093,0.0000000000000000000000000000000000000000001301982630774276,0.0625,0.9125139202708776
-0.28125,0.4375,-0.0000000000000000000000029012795661868772,0.0000000000000000000000043358258363669416,0.0000000000000000000000000000000000000021551562645890596,0.0625,0.9125139202708779
-0.25,0.4375,-0.00000000000000000000016840449411081271,0.00000000000000000000026144624244081844,0.0000000000000000000000000000000000053159351574194775,0.0625,0.9125139202708853
-0.21875,0.4375,-0.000000000000000000004159256637067297,0.000000000000000000006859222628349838,0.0000000000000000000000000000000021786273316990724,0.0625,0.912513920270989
-0.1875,0.4375,-0.000000000000000000052031389167093515,0.00000000000000000009410544132822583,0.0000000000000000000000000000002262830295124735,0.0625,0.9125139202717106
-0.15625,0.4375,-0.00000000000000000037015637050960245,0.00000000000000000076271060591267975,0.000000000000000000000000000007933951202592338,0.0625,0.9125139202749504
-0.125,0.4375,-0.0000000000000000015943992746878802,0.000000000000000003932823586517948,0.00000000000000000000000000011344783726717066,0.0625,0.9125139202849927
-0.09375,0.4375,-0.000000000000000004246473905205062,0.000000000000000013500876347602923,0.0000000000000000000000000007782477161341108,0.0625,0.9125139203069162
-0.0625,0.4375,-0.000000000000000006843260956096025,0.000000000000000031829393973307025,0.000000000000000000000000002882873061659129,0.0625,0.912513920340175
-0.03125,0.4375,-0.00000000000000000575815966402555,0.000000000000000052736129696138016,0.0000000000000000000000000061205253697996165,0.0625,0.9125139203727642
-0.00000000000000000000000000000000003993492305485754,0.4375,-0.0000000000000000000000000000000057473332976041515,0.00000000000000006229986575793251,0.00000000000000000000000000782201904312357,0.0625,0.9125139203865915
0.03125,0.4375,0.0000000000000000057581596640255435,0.00000000000000005273612969613804,0.00000000000000000000000000612052536979962,0.0625,0.9125139203727642
0.0625,0.4375,0.000000000000000006843260956096028,0.000000000000000031829393973307056,0.0000000000000000000000000028828730616591346,0.0625,0.912513920340175
0.09375,0.4375,0.000000000000000004246473905205066,0.000000000000000013500876347602936,0.0000000000000000000000000007782477161341126,0.0625,0.9125139203069162
0.125,0.4375,0.000000000000000001594399274687881,0.000000000000000003932823586517951,0.000000000000000000000000000113447837267171,0.0625,0.9125139202849927
0.15625,0.4375,0.000000000000000000370156370509603,0.0000000000000000007627106059126803,0.000000000000000000000000000007933951202592372,0.0625,0.9125139202749502
0.1875,0.4375,0.00000000000000000005203138916709359,0.00000000000000000009410544132822589,0.00000000000000000000000000000022628302951247434,0.0625,0.9125139202717106
0.21875,0.4375,0.0000000000000000000041592566370672944,0.000000000000000000006859222628349829,0.0000000000000000000000000000000021786273316990724,0.0625,0.912513920270989
0.25,0.4375,0.0000000000000000000001684044941108124,0.00000000000000000000026144624244081764,0.0000000000000000000000000000000000053159351574194615,0.0625,0.9125139202708853
0.28125,0.4375,0.0000000000000000000000029012795661868614,0.00000000000000000000000433582583636692,0.00000000000000000000000000000000000000215515626458903,0.0625,0.9125139202708779
0.3125,0.4375,0.000000000000000000000000018441452577233126,0.000000000000000000000000026487180765670714,0.00000000000000000000000000000000000000000013019826307742465,0.0625,0.9125139202708776
0.34375,0.4375,0.000000000000000000000000000045550072422542397,0.0000000000000000000000000000619904740314212,0.000000000000000000000000000000000000000000000003014448069154771,0.0625,0.9125139202708779
0.375,0.4375,0.00000000000000000000000000000002726058009188773,0.00000000000000000000000000000003393546059936301,0.000000000000000000000000000000000000000000000000000008299857501265462,0.0625,0.9125139202708776
0.40625,0.4375,0.000000000000000000000000000000000003281798400635874,0.000000000000000000000000000000000003655532496654354,0.0000000000000000000000000000000000000000000000000000000000029545841612197364,0.0625,0.9045662495526388
0.4375,0.4375,0.00000000000000000000000000000000000000006124692415868112,0.0000000000000000000000000000000000000000612469241586811,0.00000000000000000000000000000000000000000000000000000000000000000015099183671347837,0.0625,0.8312190986331793
0.46875,0.4375,0.00000000000000000000000000000000000000000000029004024298553597,0.00000000000000000000000000000000000000000000026325246301016447,0.0000000000000000000000000000000000000000000000000000000000000000000000000004979615200410899,0.04388775699171928,0.7300889314264678
-0.5,0.46875,-0.0000000000000000000000000000000000000000000000000000000019764044528502617,0.0000000000000000000000000000000000000000000000000000000017714124005200115,0.00000000000000000000000000000000000000000000000000000000000000000000000000000000000000000000021382205201478707,0.053709137794129974,0.4874905196268536
-0.46875,0.46875,-0.0000000000000000000000000000000000000000000000000019064262885431967,0.0000000000000000000000000000000000000000000000000018871492994325562,0.0000000000000000000000000000000000000000000000000000000000000000000000000000000000017138999159699777,0.04388775699171929,0.7300889314264679
-0.4375,0.46875,-0.00000000000000000000000000000000000000000000026325226922125834,0.00000000000000000000000000000000000000000000029003983755858834,0.00000000000000000000000000000000000000000000000000000000000000000000000000049052149443360525,0.0433666096061655,0.7477416890017257
-0.40625,0.46875,-0.000000000000000000000000000000000000000035012479661435766,0.000000000000000000000000000000000000000043756866738880033,0.00000000000000000000000000000000000000000000000000000000000000000003814456153849435,0.04336660960616551,0.7477416890017257
-0.375,0.46875,-0.0000000000000000000000000000000000011837487295286526,0.0000000000000000000000000000000000016340132341901144,0.0000000000000000000000000000000000000000000000000000000000003730759232111434,0.04336660960616551,0.7477416890017257
-0.34375,0.46875,-0.0000000000000000000000000000000058726873565299035,0.000000000000000000000000000000008558349354561632,0.0000000000000000000000000000000000000000000000000000003852916463053372,0.04336660960616551,0.7477416890017257
-0.3125,0.46875,-0.000000000000000000000000000005212464103210772,0.000000000000000000000000000007758286013640043,0.000000000000000000000000000000000000000000000000039265581097647805,0.04336660960616551,0.7477416890017257
-0.28125,0.46875,-0.0000000000000000000000000010557341073367408,0.0000000000000000000000000015957108183843846,0.0000000000000000000000000000000000000000000004411304911709656,0.04336660960616551,0.7477416890017257
-0.25,0.46875,-0.00000000000000000000000006317688073518018,0.00000000000000000000000009855594575349187,0.0000000000000000000000000000000000000000006454408003974577,0.04336660960616551,0.7477416890017257
-0.21875,0.46875,-0.0000000000000000000000014840464318913601,0.0000000000000000000000024664984916899148,0.00000000000000000000000000000000000000018609889911126037,0.04336660960616551,0.7477416890017257
-0.1875,0.46875,-0.000000000000000000000017079988875612074,0.000000000000000000000031407107324072535,0.000000000000000000000000000000000000014807370909704034,0.04336660960616551,0.7477416890017257
-0.15625,0.46875,-0.0000000000000000000001115176233255898,0.00000000000000000000023577501403149616,0.0000000000000000000000000000000000004277166505056238,0.04336660960616551,0.7477416890017257
-0.125,0.46875,-0.00000000000000000000044540045713432545,0.0000000000000000000011359207131078928,0.000000000000000000000000000000000005444246641202777,0.04336660960616551,0.7477416890017257
-0.09375,0.46875,-0.0000000000000000000011192822022893286,0.000000000000000000003696511683550863,0.00000000000000000000000000000000003496742682124647,0.04336660960616551,0.7477416890017257
-0.0625,0.46875,-0.0000000000000000000017337661497573108,0.000000000000000000008398452111709182,0.00000000000000000000000000000000012443719931411191,0.04336660960616551,0.7477416890017257
-0.03125,0.46875,-0.0000000000000000000014262349987459777,0.000000000000000000013621021914228603,0.0000000000000000000000000000000002584957052242406,0.04336660960616551,0.7477416890017257
0.000000000000000000000000000000000000014084024089760306,0.46875,0.0000000000000000000000000000000000016401256005336873,0.00000000000000000001597986482385739,0.0000000000000000000000000000000003279595338978633,0.04336660960616551,0.7477416890017257
0.03125,0.46875,0.0000000000000000000014262349987459796,0.00000000000000000001362102191422859,0.0000000000000000000000000000000002584957052242404,0.04336660960616551,0.7477416890017257
0.0625,0.46875,0.00000000000000000000173376614975731,0.000000000000000000008398452111709165,0.00000000000000000000000000000000012443719931411166,0.04336660960616551,0.7477416890017257
0.09375,0.46875,0.0000000000000000000011192822022893269,0.000000000000000000003696511683550858,0.00000000000000000000000000000000003496742682124633,0.04336660960616551,0.7477416890017257
0.125,0.46875,0.0000000000000000000004454004571343249,0.0000000000000000000011359207131078902,0.000000000000000000000000000000000005444246641202751,0.04336660960616551,0.7477416890017257
0.15625,0.46875,0.00000000000000000000011151762332558949,0.00000000000000000000023577501403149536,0.0000000000000000000000000000000000004277166505056201,0.04336660960616551,0.7477416890017257
0.1875,0.46875,0.000000000000000000000017079988875611998,0.00000000000000000000003140710732407238,0.000000000000000000000000000000000000014807370909703864,0.04336660960616551,0.7477416890017257
0.21875,0.46875,0.0000000000000000000000014840464318913528,0.0000000000000000000000024664984916899005,0.0000000000000000000000000000000000000001860988991112574,0.04336660960616551,0.7477416890017257
0.25,0.46875,0.00000000000000000000000006317688073517966,0.00000000000000000000000009855594575349126,0.00000000000000000000000000000000000000000064544080039744225,0.04336660960616551,0.7477416890017257
0.28125,0.46875,0.0000000000000000000000000010557341073367336,0.0000000000000000000000000015957108183843706,0.000000000000000000000000000000000000000000000441130491170955,0.04336660960616551,0.7477416890017257
0.3125,0.46875,0.000000000000000000000000000005212464103210766,0.000000000000000000000000000007758286013640034,0.00000000000000000000000000000000000000000000000003926558109764771,0.04336660960616551,0.7477416890017257
0.34375,0.46875,0.000000000000000000000000000000005872687356529908,0.000000000000000000000000000000008558349354561638,0.00000000000000000000000000000000000000000000000000000038529164630533734,0.04336660960616551,0.7477416890017257
0.375,0.46875,0.0000000000000000000000000000000000011837487295286494,0.0000000000000000000000000000000000016340132341901107,0.00000000000000000000000000000000000000000000000000000000000037307592321114125,0.04336660960616551,0.7477416890017257
0.40625,0.46875,0.00000000000000000000000000000000000000003501247966143542,0.000000000000000000000000000000000000000043756866739326394,0.000000000000000000000000000000000000000000000000000000000000000000038144561538493826,0.0433666096061655,0.7477416890017257
0.4375,0.46875,0.000000000000000000000000000000000000000000000263252463010168,0.0000000000000000000000000000000000000000000002900402429855382,0.0000000000000000000000000000000000000000000000000000000000000000000000000004979615200410937,0.04388775699171928,0.730088931426468
0.46875,0.46875,0.0000000000000000000000000000000000000000000000000019449853707807025,0.0000000000000000000000000000000000000000000000000019449853707806957,0.000000000000000000000000000000000000000000000000000000000000000000000000000000000002185611014391838,0.05370913779412997,0.48749051962685364
